
	D4_01_M Resektionen von Lunge oder Bronchien insgesamt, Mortalität // Total des résections pulmonaires ou bronchiques, mortalité // Resezioni di polmone o bronchi, totale, mortalità
	BAG/OFSP/UFSP - CH-IQI Version V5-2 - Daten 2019 - 21. April 2021

	Jahr	AltEGrp	Sex	DeathCH	CasesCH	pCH	
	2008	1	1	0	4	0	
	2008	1	2	1	5	0.2	
	2008	2	1	1	3	0.3333333	
	2008	2	2	0	1	0	
	2008	3	1	0	2	0	
	2008	3	2	0	1	0	
	2008	4	1	0	34	0	
	2008	4	2	0	12	0	
	2008	5	1	0	61	0	
	2008	5	2	0	14	0	
	2008	6	1	1	55	0.01818182	
	2008	6	2	0	15	0	
	2008	7	1	1	44	0.02272727	
	2008	7	2	0	22	0	
	2008	8	1	0	38	0	
	2008	8	2	0	18	0	
	2008	9	1	0	37	0	
	2008	9	2	0	49	0	
	2008	10	1	2	53	0.03773585	
	2008	10	2	2	56	0.03571429	
	2008	11	1	1	100	0.01	
	2008	11	2	0	78	0	
	2008	12	1	3	169	0.01775148	
	2008	12	2	2	110	0.01818182	
	2008	13	1	6	231	0.02597403	
	2008	13	2	3	139	0.02158273	
	2008	14	1	6	221	0.02714932	
	2008	14	2	5	126	0.03968254	
	2008	15	1	9	175	0.05142857	
	2008	15	2	4	82	0.04878049	
	2008	16	1	10	152	0.06578947	
	2008	16	2	2	62	0.03225806	
	2008	17	1	1	58	0.01724138	
	2008	17	2	2	36	0.05555556	
	2008	18	1	1	7	0.1428571	
	2008	18	2	0	2	0	
	2008	19	1	0	1	0	
	2008	19	2	0	1	0	
	2009	1	1	0	5	0	
	2009	1	2	0	5	0	
	2009	2	1	0	1	0	
	2009	2	2	0	3	0	
	2009	3	1	0	1	0	
	2009	3	2	0	6	0	
	2009	4	1	0	61	0	
	2009	4	2	0	15	0	
	2009	5	1	0	49	0	
	2009	5	2	0	21	0	
	2009	6	1	1	53	0.01886792	
	2009	6	2	0	15	0	
	2009	7	1	1	36	0.02777778	
	2009	7	2	0	17	0	
	2009	8	1	0	33	0	
	2009	8	2	0	21	0	
	2009	9	1	0	51	0	
	2009	9	2	0	43	0	
	2009	10	1	2	68	0.02941176	
	2009	10	2	0	65	0	
	2009	11	1	1	103	0.009708738	
	2009	11	2	1	83	0.01204819	
	2009	12	1	5	154	0.03246753	
	2009	12	2	0	116	0	
	2009	13	1	7	208	0.03365385	
	2009	13	2	0	125	0	
	2009	14	1	10	220	0.04545455	
	2009	14	2	3	136	0.02205882	
	2009	15	1	5	151	0.03311258	
	2009	15	2	5	99	0.05050505	
	2009	16	1	11	136	0.08088235	
	2009	16	2	3	69	0.04347826	
	2009	17	1	4	46	0.08695652	
	2009	17	2	1	24	0.04166667	
	2009	18	1	2	10	0.2	
	2009	18	2	0	2	0	
	2009	19	1	1	1	1	
	2009	20	1	0	1	0	
	2010	1	1	0	8	0	
	2010	1	2	0	8	0	
	2010	2	1	0	1	0	
	2010	2	2	0	2	0	
	2010	3	1	0	2	0	
	2010	3	2	0	2	0	
	2010	4	1	2	64	0.03125	
	2010	4	2	0	16	0	
	2010	5	1	0	57	0	
	2010	5	2	0	19	0	
	2010	6	1	1	56	0.01785714	
	2010	6	2	0	25	0	
	2010	7	1	0	42	0	
	2010	7	2	1	20	0.05	
	2010	8	1	1	33	0.03030303	
	2010	8	2	0	22	0	
	2010	9	1	1	46	0.02173913	
	2010	9	2	0	44	0	
	2010	10	1	1	68	0.01470588	
	2010	10	2	1	81	0.01234568	
	2010	11	1	2	115	0.0173913	
	2010	11	2	0	106	0	
	2010	12	1	3	174	0.01724138	
	2010	12	2	2	100	0.02	
	2010	13	1	5	241	0.02074689	
	2010	13	2	2	159	0.01257862	
	2010	14	1	4	241	0.01659751	
	2010	14	2	0	140	0	
	2010	15	1	11	199	0.05527638	
	2010	15	2	3	107	0.02803738	
	2010	16	1	10	154	0.06493506	
	2010	16	2	3	71	0.04225352	
	2010	17	1	10	62	0.1612903	
	2010	17	2	1	24	0.04166667	
	2010	18	1	0	4	0	
	2010	18	2	0	3	0	
	2011	1	1	0	13	0	
	2011	1	2	2	5	0.4	
	2011	2	1	0	2	0	
	2011	2	2	0	1	0	
	2011	3	1	0	5	0	
	2011	3	2	0	3	0	
	2011	4	1	1	58	0.01724138	
	2011	4	2	0	18	0	
	2011	5	1	0	65	0	
	2011	5	2	0	16	0	
	2011	6	1	1	56	0.01785714	
	2011	6	2	0	21	0	
	2011	7	1	0	37	0	
	2011	7	2	0	19	0	
	2011	8	1	0	30	0	
	2011	8	2	0	17	0	
	2011	9	1	0	46	0	
	2011	9	2	1	32	0.03125	
	2011	10	1	0	77	0	
	2011	10	2	1	66	0.01515152	
	2011	11	1	1	116	0.00862069	
	2011	11	2	3	104	0.02884615	
	2011	12	1	7	180	0.03888889	
	2011	12	2	3	117	0.02564103	
	2011	13	1	11	240	0.04583333	
	2011	13	2	2	167	0.01197605	
	2011	14	1	6	268	0.02238806	
	2011	14	2	5	159	0.03144654	
	2011	15	1	11	223	0.04932735	
	2011	15	2	1	131	0.007633588	
	2011	16	1	8	169	0.04733728	
	2011	16	2	1	77	0.01298701	
	2011	17	1	3	43	0.06976744	
	2011	17	2	0	32	0	
	2011	18	1	0	12	0	
	2011	18	2	1	7	0.1428571	
	2011	19	2	0	2	0	
	2012	1	1	0	13	0	
	2012	1	2	0	10	0	
	2012	2	1	1	2	0.5	
	2012	2	2	0	3	0	
	2012	3	1	0	3	0	
	2012	3	2	0	4	0	
	2012	4	1	0	66	0	
	2012	4	2	0	25	0	
	2012	5	1	0	72	0	
	2012	5	2	0	20	0	
	2012	6	1	0	63	0	
	2012	6	2	1	19	0.05263158	
	2012	7	1	1	52	0.01923077	
	2012	7	2	0	27	0	
	2012	8	1	0	36	0	
	2012	8	2	0	41	0	
	2012	9	1	0	43	0	
	2012	9	2	0	39	0	
	2012	10	1	0	89	0	
	2012	10	2	0	58	0	
	2012	11	1	2	125	0.016	
	2012	11	2	0	89	0	
	2012	12	1	2	161	0.01242236	
	2012	12	2	2	122	0.01639344	
	2012	13	1	5	230	0.02173913	
	2012	13	2	3	146	0.02054795	
	2012	14	1	15	334	0.04491018	
	2012	14	2	2	166	0.01204819	
	2012	15	1	4	236	0.01694915	
	2012	15	2	2	157	0.01273885	
	2012	16	1	5	154	0.03246753	
	2012	16	2	4	102	0.03921569	
	2012	17	1	5	70	0.07142857	
	2012	17	2	1	46	0.02173913	
	2012	18	1	0	16	0	
	2012	18	2	0	8	0	
	2013	1	1	0	6	0	
	2013	1	2	0	5	0	
	2013	2	1	0	1	0	
	2013	2	2	0	1	0	
	2013	3	1	0	11	0	
	2013	3	2	0	4	0	
	2013	4	1	0	55	0	
	2013	4	2	1	12	0.08333333	
	2013	5	1	0	59	0	
	2013	5	2	1	20	0.05	
	2013	6	1	0	51	0	
	2013	6	2	0	21	0	
	2013	7	1	1	46	0.02173913	
	2013	7	2	0	31	0	
	2013	8	1	1	30	0.03333333	
	2013	8	2	1	28	0.03571429	
	2013	9	1	1	52	0.01923077	
	2013	9	2	0	41	0	
	2013	10	1	0	73	0	
	2013	10	2	1	62	0.01612903	
	2013	11	1	1	115	0.008695652	
	2013	11	2	2	95	0.02105263	
	2013	12	1	8	178	0.04494382	
	2013	12	2	7	147	0.04761905	
	2013	13	1	6	250	0.024	
	2013	13	2	0	174	0	
	2013	14	1	10	327	0.03058104	
	2013	14	2	3	199	0.01507538	
	2013	15	1	7	272	0.02573529	
	2013	15	2	5	161	0.0310559	
	2013	16	1	8	166	0.04819277	
	2013	16	2	1	100	0.01	
	2013	17	1	4	77	0.05194805	
	2013	17	2	2	42	0.04761905	
	2013	18	1	2	10	0.2	
	2013	18	2	3	11	0.2727273	
	2013	19	1	1	1	1	
	2013	19	2	0	1	0	
	2014	1	1	0	8	0	
	2014	1	2	0	10	0	
	2014	2	1	0	4	0	
	2014	2	2	0	1	0	
	2014	3	1	0	12	0	
	2014	3	2	0	5	0	
	2014	4	1	0	51	0	
	2014	4	2	0	14	0	
	2014	5	1	1	65	0.01538462	
	2014	5	2	0	22	0	
	2014	6	1	0	56	0	
	2014	6	2	0	33	0	
	2014	7	1	0	60	0	
	2014	7	2	0	17	0	
	2014	8	1	0	43	0	
	2014	8	2	0	23	0	
	2014	9	1	0	60	0	
	2014	9	2	0	22	0	
	2014	10	1	3	95	0.03157895	
	2014	10	2	0	66	0	
	2014	11	1	2	131	0.01526718	
	2014	11	2	0	133	0	
	2014	12	1	4	178	0.02247191	
	2014	12	2	2	144	0.01388889	
	2014	13	1	5	247	0.02024291	
	2014	13	2	1	187	0.005347594	
	2014	14	1	12	314	0.03821656	
	2014	14	2	1	208	0.004807692	
	2014	15	1	11	269	0.04089219	
	2014	15	2	2	166	0.01204819	
	2014	16	1	10	182	0.05494505	
	2014	16	2	2	97	0.02061856	
	2014	17	1	9	104	0.08653846	
	2014	17	2	1	45	0.02222222	
	2014	18	1	1	15	0.06666667	
	2014	18	2	0	11	0	
	2014	19	1	0	2	0	
	2015	1	1	0	7	0	
	2015	1	2	0	12	0	
	2015	2	1	0	2	0	
	2015	2	2	0	5	0	
	2015	3	1	0	5	0	
	2015	3	2	0	6	0	
	2015	4	1	0	57	0	
	2015	4	2	0	8	0	
	2015	5	1	1	68	0.01470588	
	2015	5	2	1	11	0.09090909	
	2015	6	1	1	47	0.0212766	
	2015	6	2	0	25	0	
	2015	7	1	0	55	0	
	2015	7	2	0	20	0	
	2015	8	1	1	54	0.01851852	
	2015	8	2	0	28	0	
	2015	9	1	1	56	0.01785714	
	2015	9	2	0	44	0	
	2015	10	1	1	79	0.01265823	
	2015	10	2	1	69	0.01449275	
	2015	11	1	0	141	0	
	2015	11	2	3	110	0.02727273	
	2015	12	1	1	194	0.005154639	
	2015	12	2	2	151	0.01324503	
	2015	13	1	6	245	0.0244898	
	2015	13	2	1	186	0.005376344	
	2015	14	1	11	332	0.03313253	
	2015	14	2	1	193	0.005181347	
	2015	15	1	6	312	0.01923077	
	2015	15	2	2	210	0.00952381	
	2015	16	1	8	171	0.04678363	
	2015	16	2	1	117	0.008547009	
	2015	17	1	6	105	0.05714286	
	2015	17	2	1	45	0.02222222	
	2015	18	1	1	18	0.05555556	
	2015	18	2	0	6	0	
	2015	19	1	0	1	0	
	2016	1	1	0	11	0	
	2016	1	2	0	6	0	
	2016	2	1	0	4	0	
	2016	2	2	0	4	0	
	2016	3	1	0	2	0	
	2016	3	2	0	3	0	
	2016	4	1	0	71	0	
	2016	4	2	0	17	0	
	2016	5	1	0	67	0	
	2016	5	2	0	15	0	
	2016	6	1	0	66	0	
	2016	6	2	0	30	0	
	2016	7	1	2	66	0.03030303	
	2016	7	2	0	21	0	
	2016	8	1	0	57	0	
	2016	8	2	0	40	0	
	2016	9	1	1	56	0.01785714	
	2016	9	2	1	41	0.02439024	
	2016	10	1	0	79	0	
	2016	10	2	1	57	0.01754386	
	2016	11	1	2	124	0.01612903	
	2016	11	2	0	104	0	
	2016	12	1	3	203	0.01477833	
	2016	12	2	2	175	0.01142857	
	2016	13	1	3	280	0.01071429	
	2016	13	2	5	212	0.02358491	
	2016	14	1	8	296	0.02702703	
	2016	14	2	2	214	0.009345794	
	2016	15	1	12	310	0.03870968	
	2016	15	2	3	218	0.01376147	
	2016	16	1	7	197	0.03553299	
	2016	16	2	2	140	0.01428571	
	2016	17	1	5	87	0.05747126	
	2016	17	2	4	70	0.05714286	
	2016	18	1	1	23	0.04347826	
	2016	18	2	0	12	0	
	2016	19	1	1	3	0.3333333	
	2016	19	2	0	2	0	
	2016	20	1	0	1	0	
	2017	1	1	1	15	0.06666667	
	2017	1	2	0	8	0	
	2017	2	1	0	3	0	
	2017	2	2	0	3	0	
	2017	3	1	0	5	0	
	2017	3	2	0	4	0	
	2017	4	1	1	69	0.01449275	
	2017	4	2	1	15	0.06666667	
	2017	5	1	0	71	0	
	2017	5	2	0	16	0	
	2017	6	1	0	57	0	
	2017	6	2	0	21	0	
	2017	7	1	1	50	0.02	
	2017	7	2	0	29	0	
	2017	8	1	0	58	0	
	2017	8	2	0	22	0	
	2017	9	1	1	54	0.01851852	
	2017	9	2	0	34	0	
	2017	10	1	1	61	0.01639344	
	2017	10	2	1	57	0.01754386	
	2017	11	1	0	122	0	
	2017	11	2	1	109	0.009174312	
	2017	12	1	6	228	0.02631579	
	2017	12	2	0	148	0	
	2017	13	1	5	303	0.01650165	
	2017	13	2	0	189	0	
	2017	14	1	10	337	0.02967359	
	2017	14	2	5	204	0.0245098	
	2017	15	1	2	330	0.006060606	
	2017	15	2	4	208	0.01923077	
	2017	16	1	9	232	0.0387931	
	2017	16	2	3	146	0.02054795	
	2017	17	1	3	93	0.03225806	
	2017	17	2	1	64	0.015625	
	2017	18	1	5	25	0.2	
	2017	18	2	0	12	0	
	2017	19	1	0	1	0	
	2017	19	2	0	3	0	
	2017	20	1	0	1	0	
	2018	1	1	0	17	0	
	2018	1	2	0	5	0	
	2018	2	1	0	4	0	
	2018	3	1	0	9	0	
	2018	3	2	0	5	0	
	2018	4	1	2	62	0.03225806	
	2018	4	2	0	12	0	
	2018	5	1	0	69	0	
	2018	5	2	0	14	0	
	2018	6	1	0	64	0	
	2018	6	2	0	12	0	
	2018	7	1	0	46	0	
	2018	7	2	0	22	0	
	2018	8	1	0	43	0	
	2018	8	2	0	28	0	
	2018	9	1	0	45	0	
	2018	9	2	1	35	0.02857143	
	2018	10	1	2	78	0.02564103	
	2018	10	2	0	48	0	
	2018	11	1	4	135	0.02962963	
	2018	11	2	2	107	0.01869159	
	2018	12	1	3	217	0.01382488	
	2018	12	2	1	146	0.006849315	
	2018	13	1	7	299	0.02341137	
	2018	13	2	2	195	0.01025641	
	2018	14	1	11	332	0.03313253	
	2018	14	2	4	270	0.01481481	
	2018	15	1	6	350	0.01714286	
	2018	15	2	0	217	0	
	2018	16	1	10	206	0.04854369	
	2018	16	2	3	153	0.01960784	
	2018	17	1	3	98	0.03061224	
	2018	17	2	5	57	0.0877193	
	2018	18	1	1	33	0.03030303	
	2018	18	2	2	16	0.125	
	2018	19	1	0	1	0	
	2018	19	2	0	2	0	
	2019	1	1	0	6	0	
	2019	1	2	0	8	0	
	2019	2	1	0	6	0	
	2019	2	2	0	4	0	
	2019	3	1	0	6	0	
	2019	3	2	0	3	0	
	2019	4	1	0	69	0	
	2019	4	2	0	10	0	
	2019	5	1	1	97	0.01030928	
	2019	5	2	0	14	0	
	2019	6	1	0	62	0	
	2019	6	2	0	24	0	
	2019	7	1	0	54	0	
	2019	7	2	1	17	0.05882353	
	2019	8	1	0	51	0	
	2019	8	2	0	32	0	
	2019	9	1	0	45	0	
	2019	9	2	1	27	0.03703704	
	2019	10	1	0	69	0	
	2019	10	2	1	57	0.01754386	
	2019	11	1	0	140	0	
	2019	11	2	0	98	0	
	2019	12	1	4	205	0.0195122	
	2019	12	2	1	161	0.00621118	
	2019	13	1	4	275	0.01454545	
	2019	13	2	2	198	0.01010101	
	2019	14	1	5	298	0.01677852	
	2019	14	2	4	271	0.01476015	
	2019	15	1	7	353	0.01983003	
	2019	15	2	6	266	0.02255639	
	2019	16	1	8	290	0.02758621	
	2019	16	2	4	194	0.02061856	
	2019	17	1	4	107	0.03738318	
	2019	17	2	0	76	0	
	2019	18	1	3	15	0.2	
	2019	18	2	0	18	0	
	2019	19	1	1	3	0.3333333	
	2019	19	2	0	1	0	
	2019	20	2	0	1	0	
