
	F5_07_M PTA iliacal/an Becken­/Beinarterien bei anderen Diagnosen oder OP an Aorta, Mortalität // ATP des artères iliaques/du bassin/des jambes en cas d'autre diagnostic ou d'une OP de l'aorte, mortalité // PTA di arterie iliache/del bacino/delle gambe in caso di altre diagnosi o di OP aortica, mortalità
	BAG/OFSP/UFSP - CH-IQI Version V5-2 - Daten 2019 - 21. April 2021

	Jahr	AltEGrp	Sex	DeathCH	CasesCH	pCH	
	2008	1	1	0	12	0	
	2008	1	2	1	10	0.1	
	2008	2	1	0	4	0	
	2008	2	2	0	1	0	
	2008	3	1	0	3	0	
	2008	3	2	0	3	0	
	2008	4	1	0	7	0	
	2008	4	2	0	4	0	
	2008	5	1	0	2	0	
	2008	5	2	0	5	0	
	2008	6	1	0	5	0	
	2008	6	2	0	2	0	
	2008	7	1	0	3	0	
	2008	7	2	0	5	0	
	2008	8	1	0	17	0	
	2008	8	2	1	15	0.06666667	
	2008	9	1	0	35	0	
	2008	9	2	0	14	0	
	2008	10	1	0	89	0	
	2008	10	2	1	48	0.02083333	
	2008	11	1	2	158	0.01265823	
	2008	11	2	0	59	0	
	2008	12	1	4	281	0.01423488	
	2008	12	2	0	109	0	
	2008	13	1	1	501	0.001996008	
	2008	13	2	1	192	0.005208333	
	2008	14	1	7	614	0.01140065	
	2008	14	2	3	287	0.01045296	
	2008	15	1	5	652	0.007668712	
	2008	15	2	4	403	0.009925558	
	2008	16	1	16	621	0.0257649	
	2008	16	2	9	574	0.01567944	
	2008	17	1	8	434	0.01843318	
	2008	17	2	10	524	0.01908397	
	2008	18	1	10	204	0.04901961	
	2008	18	2	3	387	0.007751938	
	2008	19	1	3	47	0.06382979	
	2008	19	2	5	137	0.03649635	
	2008	20	1	0	5	0	
	2008	20	2	3	31	0.09677419	
	2009	1	1	0	19	0	
	2009	1	2	0	12	0	
	2009	2	1	0	7	0	
	2009	2	2	0	5	0	
	2009	3	1	0	4	0	
	2009	3	2	0	3	0	
	2009	4	1	0	10	0	
	2009	4	2	0	8	0	
	2009	5	1	0	8	0	
	2009	5	2	0	7	0	
	2009	6	1	0	4	0	
	2009	6	2	0	3	0	
	2009	7	1	0	2	0	
	2009	7	2	0	5	0	
	2009	8	1	0	13	0	
	2009	8	2	0	6	0	
	2009	9	1	0	16	0	
	2009	9	2	0	13	0	
	2009	10	1	0	44	0	
	2009	10	2	1	22	0.04545455	
	2009	11	1	3	69	0.04347826	
	2009	11	2	1	28	0.03571429	
	2009	12	1	6	125	0.048	
	2009	12	2	3	50	0.06	
	2009	13	1	2	206	0.009708738	
	2009	13	2	1	72	0.01388889	
	2009	14	1	8	230	0.03478261	
	2009	14	2	6	107	0.05607477	
	2009	15	1	7	228	0.03070175	
	2009	15	2	3	132	0.02272727	
	2009	16	1	13	257	0.05058366	
	2009	16	2	5	210	0.02380952	
	2009	17	1	9	185	0.04864865	
	2009	17	2	6	179	0.03351955	
	2009	18	1	9	117	0.07692308	
	2009	18	2	12	128	0.09375	
	2009	19	1	2	25	0.08	
	2009	19	2	7	43	0.1627907	
	2009	20	1	1	5	0.2	
	2009	20	2	0	4	0	
	2010	1	1	0	14	0	
	2010	1	2	3	12	0.25	
	2010	2	1	0	3	0	
	2010	2	2	0	6	0	
	2010	3	1	0	1	0	
	2010	3	2	0	3	0	
	2010	4	1	0	7	0	
	2010	4	2	0	5	0	
	2010	5	1	0	6	0	
	2010	5	2	0	9	0	
	2010	6	1	0	4	0	
	2010	6	2	0	5	0	
	2010	7	1	1	10	0.1	
	2010	7	2	0	6	0	
	2010	8	1	1	15	0.06666667	
	2010	8	2	0	10	0	
	2010	9	1	0	19	0	
	2010	9	2	0	19	0	
	2010	10	1	1	33	0.03030303	
	2010	10	2	1	32	0.03125	
	2010	11	1	0	75	0	
	2010	11	2	1	48	0.02083333	
	2010	12	1	5	114	0.04385965	
	2010	12	2	0	43	0	
	2010	13	1	8	189	0.04232804	
	2010	13	2	2	90	0.02222222	
	2010	14	1	6	207	0.02898551	
	2010	14	2	2	129	0.01550388	
	2010	15	1	5	213	0.02347418	
	2010	15	2	1	116	0.00862069	
	2010	16	1	11	240	0.04583333	
	2010	16	2	4	169	0.02366864	
	2010	17	1	8	171	0.04678363	
	2010	17	2	11	153	0.07189542	
	2010	18	1	8	100	0.08	
	2010	18	2	3	125	0.024	
	2010	19	1	2	22	0.09090909	
	2010	19	2	3	43	0.06976744	
	2010	20	1	1	2	0.5	
	2010	20	2	0	12	0	
	2011	1	1	1	21	0.04761905	
	2011	1	2	0	11	0	
	2011	2	1	0	2	0	
	2011	2	2	0	5	0	
	2011	3	1	0	9	0	
	2011	3	2	0	5	0	
	2011	4	1	0	6	0	
	2011	4	2	0	8	0	
	2011	5	1	0	4	0	
	2011	5	2	0	6	0	
	2011	6	1	0	6	0	
	2011	6	2	0	15	0	
	2011	7	1	0	5	0	
	2011	7	2	0	8	0	
	2011	8	1	1	17	0.05882353	
	2011	8	2	0	8	0	
	2011	9	1	0	19	0	
	2011	9	2	1	17	0.05882353	
	2011	10	1	1	48	0.02083333	
	2011	10	2	0	25	0	
	2011	11	1	2	67	0.02985075	
	2011	11	2	0	34	0	
	2011	12	1	1	134	0.007462687	
	2011	12	2	1	56	0.01785714	
	2011	13	1	4	187	0.02139037	
	2011	13	2	1	86	0.01162791	
	2011	14	1	6	240	0.025	
	2011	14	2	6	112	0.05357143	
	2011	15	1	12	285	0.04210526	
	2011	15	2	7	141	0.04964539	
	2011	16	1	4	245	0.01632653	
	2011	16	2	4	214	0.01869159	
	2011	17	1	8	193	0.04145078	
	2011	17	2	6	188	0.03191489	
	2011	18	1	12	117	0.1025641	
	2011	18	2	6	146	0.04109589	
	2011	19	1	2	22	0.09090909	
	2011	19	2	4	47	0.08510638	
	2011	20	1	0	5	0	
	2011	20	2	0	8	0	
	2012	1	1	2	26	0.07692308	
	2012	1	2	2	18	0.1111111	
	2012	2	1	0	7	0	
	2012	2	2	0	1	0	
	2012	3	1	0	7	0	
	2012	3	2	0	1	0	
	2012	4	1	0	4	0	
	2012	4	2	0	8	0	
	2012	5	1	0	8	0	
	2012	5	2	0	12	0	
	2012	6	1	0	13	0	
	2012	6	2	0	7	0	
	2012	7	1	0	15	0	
	2012	7	2	0	13	0	
	2012	8	1	0	21	0	
	2012	8	2	0	6	0	
	2012	9	1	1	24	0.04166667	
	2012	9	2	0	26	0	
	2012	10	1	3	63	0.04761905	
	2012	10	2	1	27	0.03703704	
	2012	11	1	3	83	0.03614458	
	2012	11	2	0	41	0	
	2012	12	1	3	151	0.01986755	
	2012	12	2	0	71	0	
	2012	13	1	7	242	0.02892562	
	2012	13	2	2	80	0.025	
	2012	14	1	8	288	0.02777778	
	2012	14	2	7	142	0.04929577	
	2012	15	1	10	310	0.03225806	
	2012	15	2	12	159	0.0754717	
	2012	16	1	9	308	0.02922078	
	2012	16	2	14	195	0.07179487	
	2012	17	1	11	248	0.04435484	
	2012	17	2	13	219	0.05936073	
	2012	18	1	8	110	0.07272727	
	2012	18	2	12	176	0.06818182	
	2012	19	1	1	41	0.02439024	
	2012	19	2	2	51	0.03921569	
	2012	20	1	1	6	0.1666667	
	2012	20	2	0	8	0	
	2013	1	1	1	25	0.04	
	2013	1	2	1	16	0.0625	
	2013	2	1	0	6	0	
	2013	2	2	0	3	0	
	2013	3	1	0	5	0	
	2013	3	2	0	3	0	
	2013	4	1	0	8	0	
	2013	4	2	0	12	0	
	2013	5	1	0	13	0	
	2013	5	2	0	8	0	
	2013	6	1	0	11	0	
	2013	6	2	0	7	0	
	2013	7	1	0	18	0	
	2013	7	2	0	11	0	
	2013	8	1	2	18	0.1111111	
	2013	8	2	1	10	0.1	
	2013	9	1	3	28	0.1071429	
	2013	9	2	0	14	0	
	2013	10	1	1	65	0.01538462	
	2013	10	2	1	27	0.03703704	
	2013	11	1	2	103	0.01941748	
	2013	11	2	2	45	0.04444444	
	2013	12	1	4	157	0.02547771	
	2013	12	2	2	58	0.03448276	
	2013	13	1	6	241	0.02489627	
	2013	13	2	4	80	0.05	
	2013	14	1	7	332	0.02108434	
	2013	14	2	6	126	0.04761905	
	2013	15	1	21	316	0.0664557	
	2013	15	2	7	168	0.04166667	
	2013	16	1	17	329	0.05167173	
	2013	16	2	7	197	0.03553299	
	2013	17	1	16	288	0.05555556	
	2013	17	2	11	225	0.04888889	
	2013	18	1	13	143	0.09090909	
	2013	18	2	10	180	0.05555556	
	2013	19	1	5	46	0.1086957	
	2013	19	2	3	73	0.04109589	
	2013	20	1	1	9	0.1111111	
	2013	20	2	2	13	0.1538462	
	2014	1	1	1	46	0.02173913	
	2014	1	2	2	23	0.08695652	
	2014	2	1	0	7	0	
	2014	2	2	0	5	0	
	2014	3	1	0	8	0	
	2014	3	2	0	8	0	
	2014	4	1	0	18	0	
	2014	4	2	0	8	0	
	2014	5	1	0	14	0	
	2014	5	2	0	8	0	
	2014	6	1	0	13	0	
	2014	6	2	0	22	0	
	2014	7	1	0	10	0	
	2014	7	2	0	20	0	
	2014	8	1	1	13	0.07692308	
	2014	8	2	0	9	0	
	2014	9	1	0	28	0	
	2014	9	2	0	16	0	
	2014	10	1	2	58	0.03448276	
	2014	10	2	0	29	0	
	2014	11	1	4	121	0.03305785	
	2014	11	2	1	44	0.02272727	
	2014	12	1	7	187	0.03743316	
	2014	12	2	3	63	0.04761905	
	2014	13	1	7	235	0.02978723	
	2014	13	2	5	91	0.05494505	
	2014	14	1	3	317	0.009463722	
	2014	14	2	4	158	0.02531646	
	2014	15	1	12	362	0.03314917	
	2014	15	2	8	205	0.03902439	
	2014	16	1	12	372	0.03225806	
	2014	16	2	9	205	0.04390244	
	2014	17	1	17	271	0.06273063	
	2014	17	2	12	239	0.05020921	
	2014	18	1	11	152	0.07236842	
	2014	18	2	9	179	0.05027933	
	2014	19	1	3	50	0.06	
	2014	19	2	6	71	0.08450704	
	2014	20	1	0	4	0	
	2014	20	2	0	17	0	
	2015	1	1	6	65	0.09230769	
	2015	1	2	2	25	0.08	
	2015	2	1	0	11	0	
	2015	2	2	0	7	0	
	2015	3	1	0	9	0	
	2015	3	2	0	8	0	
	2015	4	1	0	13	0	
	2015	4	2	0	12	0	
	2015	5	1	0	9	0	
	2015	5	2	0	14	0	
	2015	6	1	0	14	0	
	2015	6	2	0	15	0	
	2015	7	1	0	9	0	
	2015	7	2	0	16	0	
	2015	8	1	0	16	0	
	2015	8	2	0	22	0	
	2015	9	1	0	28	0	
	2015	9	2	1	18	0.05555556	
	2015	10	1	3	61	0.04918033	
	2015	10	2	1	24	0.04166667	
	2015	11	1	1	104	0.009615385	
	2015	11	2	0	42	0	
	2015	12	1	3	195	0.01538462	
	2015	12	2	3	75	0.04	
	2015	13	1	9	268	0.03358209	
	2015	13	2	4	111	0.03603604	
	2015	14	1	10	330	0.03030303	
	2015	14	2	3	170	0.01764706	
	2015	15	1	16	379	0.04221636	
	2015	15	2	7	238	0.02941176	
	2015	16	1	15	353	0.04249292	
	2015	16	2	5	207	0.02415459	
	2015	17	1	19	289	0.06574394	
	2015	17	2	9	243	0.03703704	
	2015	18	1	13	143	0.09090909	
	2015	18	2	8	179	0.04469274	
	2015	19	1	3	48	0.0625	
	2015	19	2	9	86	0.1046512	
	2015	20	1	1	8	0.125	
	2015	20	2	1	18	0.05555556	
	2016	1	1	3	50	0.06	
	2016	1	2	4	36	0.1111111	
	2016	2	1	0	13	0	
	2016	2	2	0	8	0	
	2016	3	1	0	8	0	
	2016	3	2	0	11	0	
	2016	4	1	0	5	0	
	2016	4	2	0	7	0	
	2016	5	1	0	13	0	
	2016	5	2	0	9	0	
	2016	6	1	1	16	0.0625	
	2016	6	2	0	21	0	
	2016	7	1	0	13	0	
	2016	7	2	0	17	0	
	2016	8	1	0	8	0	
	2016	8	2	1	26	0.03846154	
	2016	9	1	1	25	0.04	
	2016	9	2	0	17	0	
	2016	10	1	2	70	0.02857143	
	2016	10	2	0	31	0	
	2016	11	1	0	128	0	
	2016	11	2	2	54	0.03703704	
	2016	12	1	3	200	0.015	
	2016	12	2	3	99	0.03030303	
	2016	13	1	5	278	0.01798561	
	2016	13	2	9	120	0.075	
	2016	14	1	17	404	0.04207921	
	2016	14	2	6	152	0.03947368	
	2016	15	1	18	406	0.04433498	
	2016	15	2	3	225	0.01333333	
	2016	16	1	17	368	0.04619565	
	2016	16	2	16	197	0.08121827	
	2016	17	1	17	331	0.05135952	
	2016	17	2	10	248	0.04032258	
	2016	18	1	12	183	0.06557377	
	2016	18	2	17	240	0.07083333	
	2016	19	1	7	56	0.125	
	2016	19	2	2	79	0.02531646	
	2016	20	1	5	12	0.4166667	
	2016	20	2	2	18	0.1111111	
	2017	1	1	2	47	0.04255319	
	2017	1	2	3	40	0.075	
	2017	2	1	0	12	0	
	2017	2	2	0	8	0	
	2017	3	1	0	9	0	
	2017	3	2	0	2	0	
	2017	4	1	0	14	0	
	2017	4	2	1	12	0.08333333	
	2017	5	1	0	12	0	
	2017	5	2	0	9	0	
	2017	6	1	0	17	0	
	2017	6	2	0	15	0	
	2017	7	1	0	16	0	
	2017	7	2	0	21	0	
	2017	8	1	0	13	0	
	2017	8	2	1	27	0.03703704	
	2017	9	1	0	28	0	
	2017	9	2	0	28	0	
	2017	10	1	1	70	0.01428571	
	2017	10	2	1	46	0.02173913	
	2017	11	1	4	150	0.02666667	
	2017	11	2	3	54	0.05555556	
	2017	12	1	4	200	0.02	
	2017	12	2	0	91	0	
	2017	13	1	4	305	0.01311475	
	2017	13	2	4	131	0.03053435	
	2017	14	1	7	365	0.01917808	
	2017	14	2	7	169	0.04142012	
	2017	15	1	17	452	0.03761062	
	2017	15	2	8	237	0.03375527	
	2017	16	1	15	421	0.03562945	
	2017	16	2	16	284	0.05633803	
	2017	17	1	19	358	0.05307263	
	2017	17	2	17	253	0.06719368	
	2017	18	1	15	177	0.08474576	
	2017	18	2	6	213	0.02816901	
	2017	19	1	4	57	0.07017544	
	2017	19	2	8	95	0.08421053	
	2017	20	1	1	11	0.09090909	
	2017	20	2	0	13	0	
	2018	1	1	4	55	0.07272727	
	2018	1	2	4	44	0.09090909	
	2018	2	1	0	17	0	
	2018	2	2	0	6	0	
	2018	3	1	0	10	0	
	2018	3	2	0	5	0	
	2018	4	1	0	8	0	
	2018	4	2	0	9	0	
	2018	5	1	0	11	0	
	2018	5	2	0	9	0	
	2018	6	1	0	15	0	
	2018	6	2	0	15	0	
	2018	7	1	0	19	0	
	2018	7	2	1	17	0.05882353	
	2018	8	1	1	33	0.03030303	
	2018	8	2	1	19	0.05263158	
	2018	9	1	2	48	0.04166667	
	2018	9	2	1	26	0.03846154	
	2018	10	1	1	72	0.01388889	
	2018	10	2	1	43	0.02325581	
	2018	11	1	4	165	0.02424242	
	2018	11	2	3	46	0.06521739	
	2018	12	1	4	217	0.01843318	
	2018	12	2	2	82	0.02439024	
	2018	13	1	10	325	0.03076923	
	2018	13	2	5	102	0.04901961	
	2018	14	1	6	422	0.01421801	
	2018	14	2	6	169	0.03550296	
	2018	15	1	14	467	0.02997859	
	2018	15	2	7	255	0.02745098	
	2018	16	1	25	430	0.05813953	
	2018	16	2	9	244	0.03688525	
	2018	17	1	26	372	0.06989247	
	2018	17	2	11	317	0.03470032	
	2018	18	1	15	174	0.0862069	
	2018	18	2	9	233	0.03862661	
	2018	19	1	5	54	0.09259259	
	2018	19	2	7	91	0.07692308	
	2018	20	1	2	14	0.1428571	
	2018	20	2	3	22	0.1363636	
	2019	1	1	1	55	0.01818182	
	2019	1	2	6	63	0.0952381	
	2019	2	1	0	17	0	
	2019	2	2	0	12	0	
	2019	3	1	0	14	0	
	2019	3	2	0	7	0	
	2019	4	1	0	9	0	
	2019	4	2	0	9	0	
	2019	5	1	0	14	0	
	2019	5	2	1	9	0.1111111	
	2019	6	1	0	14	0	
	2019	6	2	1	22	0.04545455	
	2019	7	1	0	14	0	
	2019	7	2	1	19	0.05263158	
	2019	8	1	0	26	0	
	2019	8	2	0	10	0	
	2019	9	1	2	37	0.05405405	
	2019	9	2	1	46	0.02173913	
	2019	10	1	0	68	0	
	2019	10	2	1	38	0.02631579	
	2019	11	1	3	140	0.02142857	
	2019	11	2	2	63	0.03174603	
	2019	12	1	1	233	0.004291845	
	2019	12	2	4	75	0.05333333	
	2019	13	1	10	378	0.02645503	
	2019	13	2	4	152	0.02631579	
	2019	14	1	13	447	0.02908277	
	2019	14	2	6	187	0.03208556	
	2019	15	1	18	576	0.03125	
	2019	15	2	10	288	0.03472222	
	2019	16	1	22	466	0.0472103	
	2019	16	2	12	312	0.03846154	
	2019	17	1	20	403	0.04962779	
	2019	17	2	12	324	0.03703704	
	2019	18	1	15	224	0.06696429	
	2019	18	2	9	266	0.03383459	
	2019	19	1	7	71	0.09859155	
	2019	19	2	11	118	0.09322034	
	2019	20	1	0	11	0	
	2019	20	2	2	27	0.07407407	
