
	A7_28_M OP nur an Koronargefässen bei HD Herzinfarkt ohne herzunterstützende Systeme (Alter >19), Mortalität // OP des vaisseaux coronaires uniquement, en cas de DP infarctus du myocarde sans systèmes d'assistance cardiaque (âge >19), mortalité // OP solo ai vasi coronarici con DP infarto miocardico senza sistemi di assistenza cardiaca (età >19), mortalità
	BAG/OFSP/UFSP - CH-IQI Version V5-2 - Daten 2019 - 21. April 2021

	Jahr	AltEGrp	Sex	DeathCH	CasesCH	pCH	
	2008	9	1	0	5	0	
	2008	10	1	0	12	0	
	2008	11	1	0	18	0	
	2008	11	2	0	2	0	
	2008	12	1	1	25	0.04	
	2008	12	2	0	6	0	
	2008	13	1	0	48	0	
	2008	13	2	0	6	0	
	2008	14	1	2	36	0.05555556	
	2008	14	2	0	9	0	
	2008	15	1	1	31	0.03225806	
	2008	15	2	0	15	0	
	2008	16	1	0	39	0	
	2008	16	2	0	17	0	
	2008	17	1	0	14	0	
	2008	17	2	0	7	0	
	2008	18	1	0	1	0	
	2008	18	2	0	1	0	
	2009	8	1	0	4	0	
	2009	9	1	0	1	0	
	2009	10	1	1	14	0.07142857	
	2009	10	2	0	5	0	
	2009	11	1	0	15	0	
	2009	11	2	0	2	0	
	2009	12	1	0	29	0	
	2009	12	2	0	3	0	
	2009	13	1	0	36	0	
	2009	13	2	0	3	0	
	2009	14	1	0	41	0	
	2009	14	2	0	12	0	
	2009	15	1	1	40	0.025	
	2009	15	2	0	8	0	
	2009	16	1	2	29	0.06896552	
	2009	16	2	0	8	0	
	2009	17	1	0	10	0	
	2009	17	2	4	8	0.5	
	2009	18	1	0	2	0	
	2009	18	2	0	2	0	
	2010	8	1	0	1	0	
	2010	9	1	0	6	0	
	2010	10	1	0	17	0	
	2010	10	2	0	1	0	
	2010	11	1	0	22	0	
	2010	11	2	0	3	0	
	2010	12	1	0	38	0	
	2010	12	2	0	3	0	
	2010	13	1	0	65	0	
	2010	13	2	0	9	0	
	2010	14	1	0	50	0	
	2010	14	2	0	14	0	
	2010	15	1	1	69	0.01449275	
	2010	15	2	1	15	0.06666667	
	2010	16	1	1	51	0.01960784	
	2010	16	2	0	24	0	
	2010	17	1	1	23	0.04347826	
	2010	17	2	2	17	0.1176471	
	2010	18	1	1	3	0.3333333	
	2011	8	1	0	1	0	
	2011	9	1	0	3	0	
	2011	9	2	0	1	0	
	2011	10	1	0	23	0	
	2011	10	2	0	2	0	
	2011	11	1	0	25	0	
	2011	11	2	0	3	0	
	2011	12	1	1	48	0.02083333	
	2011	12	2	0	5	0	
	2011	13	1	1	55	0.01818182	
	2011	13	2	1	10	0.1	
	2011	14	1	0	65	0	
	2011	14	2	0	11	0	
	2011	15	1	1	66	0.01515152	
	2011	15	2	1	16	0.0625	
	2011	16	1	2	60	0.03333333	
	2011	16	2	0	15	0	
	2011	17	1	0	28	0	
	2011	17	2	2	14	0.1428571	
	2011	18	1	2	5	0.4	
	2011	18	2	1	2	0.5	
	2012	7	1	0	1	0	
	2012	7	2	0	1	0	
	2012	9	1	0	7	0	
	2012	10	1	0	16	0	
	2012	10	2	0	3	0	
	2012	11	1	0	32	0	
	2012	11	2	0	2	0	
	2012	12	1	0	41	0	
	2012	12	2	0	7	0	
	2012	13	1	2	53	0.03773585	
	2012	13	2	0	11	0	
	2012	14	1	2	82	0.02439024	
	2012	14	2	1	14	0.07142857	
	2012	15	1	1	69	0.01449275	
	2012	15	2	1	28	0.03571429	
	2012	16	1	1	53	0.01886792	
	2012	16	2	0	20	0	
	2012	17	1	2	23	0.08695652	
	2012	17	2	1	14	0.07142857	
	2012	18	1	1	5	0.2	
	2013	7	1	0	1	0	
	2013	8	1	0	4	0	
	2013	8	2	0	1	0	
	2013	9	1	0	8	0	
	2013	10	1	2	23	0.08695652	
	2013	10	2	0	2	0	
	2013	11	1	0	31	0	
	2013	11	2	0	7	0	
	2013	12	1	0	52	0	
	2013	12	2	0	4	0	
	2013	13	1	0	60	0	
	2013	13	2	0	11	0	
	2013	14	1	2	64	0.03125	
	2013	14	2	0	17	0	
	2013	15	1	2	71	0.02816901	
	2013	15	2	1	17	0.05882353	
	2013	16	1	0	52	0	
	2013	16	2	3	16	0.1875	
	2013	17	1	3	26	0.1153846	
	2013	17	2	0	25	0	
	2013	18	1	1	5	0.2	
	2013	18	2	0	4	0	
	2014	5	1	0	1	0	
	2014	9	1	0	2	0	
	2014	10	1	0	21	0	
	2014	10	2	0	2	0	
	2014	11	1	0	42	0	
	2014	11	2	0	3	0	
	2014	12	1	1	66	0.01515152	
	2014	12	2	0	8	0	
	2014	13	1	0	75	0	
	2014	13	2	0	12	0	
	2014	14	1	0	83	0	
	2014	14	2	0	18	0	
	2014	15	1	1	86	0.01162791	
	2014	15	2	2	11	0.1818182	
	2014	16	1	3	62	0.0483871	
	2014	16	2	0	21	0	
	2014	17	1	1	25	0.04	
	2014	17	2	0	20	0	
	2014	18	1	1	6	0.1666667	
	2014	18	2	0	3	0	
	2014	19	1	0	1	0	
	2015	8	1	0	1	0	
	2015	8	2	0	1	0	
	2015	9	1	0	9	0	
	2015	9	2	0	1	0	
	2015	10	1	0	27	0	
	2015	10	2	0	1	0	
	2015	11	1	0	43	0	
	2015	11	2	0	6	0	
	2015	12	1	0	63	0	
	2015	12	2	0	4	0	
	2015	13	1	1	72	0.01388889	
	2015	13	2	0	7	0	
	2015	14	1	1	85	0.01176471	
	2015	14	2	1	27	0.03703704	
	2015	15	1	2	68	0.02941176	
	2015	15	2	1	16	0.0625	
	2015	16	1	0	60	0	
	2015	16	2	2	27	0.07407407	
	2015	17	1	2	38	0.05263158	
	2015	17	2	0	11	0	
	2015	18	1	1	7	0.1428571	
	2015	18	2	3	6	0.5	
	2015	19	1	0	1	0	
	2016	6	1	0	1	0	
	2016	7	1	0	1	0	
	2016	8	1	0	2	0	
	2016	9	1	0	7	0	
	2016	10	1	0	20	0	
	2016	11	1	0	36	0	
	2016	11	2	0	2	0	
	2016	12	1	0	56	0	
	2016	12	2	0	11	0	
	2016	13	1	1	80	0.0125	
	2016	13	2	1	14	0.07142857	
	2016	14	1	2	93	0.02150538	
	2016	14	2	1	23	0.04347826	
	2016	15	1	1	97	0.01030928	
	2016	15	2	1	21	0.04761905	
	2016	16	1	3	70	0.04285714	
	2016	16	2	0	14	0	
	2016	17	1	2	36	0.05555556	
	2016	17	2	1	17	0.05882353	
	2016	18	1	0	4	0	
	2016	18	2	0	2	0	
	2017	7	1	0	1	0	
	2017	8	2	0	1	0	
	2017	9	1	0	11	0	
	2017	9	2	0	1	0	
	2017	10	1	0	15	0	
	2017	10	2	0	1	0	
	2017	11	1	0	41	0	
	2017	11	2	0	7	0	
	2017	12	1	2	70	0.02857143	
	2017	12	2	0	10	0	
	2017	13	1	0	88	0	
	2017	13	2	0	12	0	
	2017	14	1	1	94	0.0106383	
	2017	14	2	0	11	0	
	2017	15	1	1	107	0.009345794	
	2017	15	2	1	33	0.03030303	
	2017	16	1	1	61	0.01639344	
	2017	16	2	0	23	0	
	2017	17	1	1	39	0.02564103	
	2017	17	2	0	12	0	
	2017	18	1	0	7	0	
	2017	18	2	1	2	0.5	
	2018	7	1	0	1	0	
	2018	8	1	0	1	0	
	2018	9	1	0	9	0	
	2018	9	2	0	1	0	
	2018	10	1	0	20	0	
	2018	10	2	0	3	0	
	2018	11	1	0	52	0	
	2018	11	2	0	3	0	
	2018	12	1	0	51	0	
	2018	12	2	0	5	0	
	2018	13	1	1	71	0.01408451	
	2018	13	2	0	9	0	
	2018	14	1	0	82	0	
	2018	14	2	0	15	0	
	2018	15	1	0	99	0	
	2018	15	2	1	26	0.03846154	
	2018	16	1	3	60	0.05	
	2018	16	2	2	28	0.07142857	
	2018	17	1	2	28	0.07142857	
	2018	17	2	0	10	0	
	2018	18	1	0	5	0	
	2018	18	2	0	1	0	
	2018	19	1	0	1	0	
	2019	8	1	0	4	0	
	2019	9	1	0	12	0	
	2019	9	2	0	2	0	
	2019	10	1	0	20	0	
	2019	11	1	0	30	0	
	2019	11	2	0	5	0	
	2019	12	1	0	66	0	
	2019	12	2	0	11	0	
	2019	13	1	0	64	0	
	2019	13	2	0	8	0	
	2019	14	1	1	97	0.01030928	
	2019	14	2	0	17	0	
	2019	15	1	0	104	0	
	2019	15	2	0	22	0	
	2019	16	1	3	68	0.04411765	
	2019	16	2	1	18	0.05555556	
	2019	17	1	2	44	0.04545455	
	2019	17	2	2	13	0.1538462	
	2019	18	1	0	5	0	
	2019	18	2	0	4	0	
