
	A7_12_M OP nur an Koronargefässen ohne HD Herzinfarkt (Alter >19), Mortalität // OP des vaisseaux coronaires uniquement, sans DP infarctus du myocarde (âge >19), mortalité // OP solo ai vasi coronarici senza DP infarto miocardico (età >19), mortalità
	BAG/OFSP/UFSP - CH-IQI Version V5-2 - Daten 2019 - 21. April 2021

	Jahr	AltEGrp	Sex	DeathCH	CasesCH	pCH	
	2008	5	1	0	2	0	
	2008	6	1	0	1	0	
	2008	7	1	0	1	0	
	2008	8	1	0	2	0	
	2008	9	1	0	22	0	
	2008	9	2	0	1	0	
	2008	10	1	0	71	0	
	2008	10	2	0	11	0	
	2008	11	1	0	122	0	
	2008	11	2	0	12	0	
	2008	12	1	1	194	0.005154639	
	2008	12	2	2	32	0.0625	
	2008	13	1	3	361	0.008310249	
	2008	13	2	0	53	0	
	2008	14	1	3	334	0.008982036	
	2008	14	2	3	83	0.03614458	
	2008	15	1	7	303	0.02310231	
	2008	15	2	2	78	0.02564103	
	2008	16	1	3	218	0.01376147	
	2008	16	2	3	89	0.03370787	
	2008	17	1	1	63	0.01587302	
	2008	17	2	4	45	0.08888889	
	2008	18	1	0	7	0	
	2008	18	2	0	2	0	
	2008	19	1	0	1	0	
	2009	5	1	0	2	0	
	2009	7	1	0	1	0	
	2009	8	1	0	5	0	
	2009	8	2	0	1	0	
	2009	9	1	0	22	0	
	2009	9	2	0	1	0	
	2009	10	1	0	54	0	
	2009	10	2	0	8	0	
	2009	11	1	0	124	0	
	2009	11	2	0	15	0	
	2009	12	1	2	191	0.0104712	
	2009	12	2	0	21	0	
	2009	13	1	4	280	0.01428571	
	2009	13	2	1	41	0.02439024	
	2009	14	1	3	303	0.00990099	
	2009	14	2	2	63	0.03174603	
	2009	15	1	9	305	0.0295082	
	2009	15	2	1	83	0.01204819	
	2009	16	1	6	207	0.02898551	
	2009	16	2	3	83	0.03614458	
	2009	17	1	3	81	0.03703704	
	2009	17	2	1	36	0.02777778	
	2009	18	1	0	16	0	
	2009	18	2	1	6	0.1666667	
	2010	5	2	0	1	0	
	2010	6	1	0	1	0	
	2010	8	1	0	4	0	
	2010	8	2	0	3	0	
	2010	9	1	0	24	0	
	2010	9	2	0	3	0	
	2010	10	1	0	66	0	
	2010	10	2	0	5	0	
	2010	11	1	2	120	0.01666667	
	2010	11	2	0	15	0	
	2010	12	1	4	191	0.02094241	
	2010	12	2	0	26	0	
	2010	13	1	1	280	0.003571429	
	2010	13	2	2	37	0.05405405	
	2010	14	1	0	327	0	
	2010	14	2	2	77	0.02597403	
	2010	15	1	1	247	0.004048583	
	2010	15	2	0	86	0	
	2010	16	1	3	211	0.01421801	
	2010	16	2	1	86	0.01162791	
	2010	17	1	5	77	0.06493506	
	2010	17	2	3	41	0.07317073	
	2010	18	1	2	20	0.1	
	2010	18	2	1	3	0.3333333	
	2011	6	2	0	1	0	
	2011	7	1	0	2	0	
	2011	8	1	0	5	0	
	2011	9	1	1	24	0.04166667	
	2011	9	2	0	2	0	
	2011	10	1	0	70	0	
	2011	10	2	1	5	0.2	
	2011	11	1	2	139	0.01438849	
	2011	11	2	1	11	0.09090909	
	2011	12	1	0	182	0	
	2011	12	2	0	23	0	
	2011	13	1	2	314	0.006369427	
	2011	13	2	1	55	0.01818182	
	2011	14	1	1	338	0.00295858	
	2011	14	2	1	73	0.01369863	
	2011	15	1	6	261	0.02298851	
	2011	15	2	2	74	0.02702703	
	2011	16	1	5	232	0.02155172	
	2011	16	2	2	79	0.02531646	
	2011	17	1	2	92	0.02173913	
	2011	17	2	1	23	0.04347826	
	2011	18	1	0	16	0	
	2011	18	2	0	3	0	
	2012	7	1	0	1	0	
	2012	8	1	0	5	0	
	2012	8	2	0	1	0	
	2012	9	1	0	15	0	
	2012	9	2	0	1	0	
	2012	10	1	0	61	0	
	2012	10	2	0	7	0	
	2012	11	1	0	111	0	
	2012	11	2	0	16	0	
	2012	12	1	0	171	0	
	2012	12	2	0	34	0	
	2012	13	1	2	287	0.006968641	
	2012	13	2	0	44	0	
	2012	14	1	3	366	0.008196721	
	2012	14	2	0	76	0	
	2012	15	1	5	293	0.01706485	
	2012	15	2	1	72	0.01388889	
	2012	16	1	1	232	0.004310345	
	2012	16	2	2	77	0.02597403	
	2012	17	1	2	76	0.02631579	
	2012	17	2	3	36	0.08333333	
	2012	18	1	2	10	0.2	
	2012	18	2	0	4	0	
	2012	19	1	0	1	0	
	2012	19	2	0	1	0	
	2013	5	2	0	1	0	
	2013	8	1	0	1	0	
	2013	8	2	0	2	0	
	2013	9	1	0	16	0	
	2013	9	2	0	1	0	
	2013	10	1	0	55	0	
	2013	10	2	0	5	0	
	2013	11	1	0	140	0	
	2013	11	2	0	15	0	
	2013	12	1	1	199	0.005025126	
	2013	12	2	0	24	0	
	2013	13	1	1	311	0.003215434	
	2013	13	2	3	29	0.1034483	
	2013	14	1	4	327	0.01223242	
	2013	14	2	1	69	0.01449275	
	2013	15	1	2	288	0.006944444	
	2013	15	2	4	62	0.06451613	
	2013	16	1	4	213	0.01877934	
	2013	16	2	1	60	0.01666667	
	2013	17	1	1	90	0.01111111	
	2013	17	2	1	30	0.03333333	
	2013	18	1	0	5	0	
	2013	18	2	0	5	0	
	2013	19	1	0	1	0	
	2013	19	2	0	1	0	
	2014	7	1	0	1	0	
	2014	7	2	0	1	0	
	2014	9	1	0	22	0	
	2014	9	2	0	1	0	
	2014	10	1	1	55	0.01818182	
	2014	10	2	0	8	0	
	2014	11	1	0	137	0	
	2014	11	2	0	20	0	
	2014	12	1	1	222	0.004504505	
	2014	12	2	1	27	0.03703704	
	2014	13	1	0	300	0	
	2014	13	2	0	34	0	
	2014	14	1	4	326	0.01226994	
	2014	14	2	0	55	0	
	2014	15	1	3	310	0.009677419	
	2014	15	2	3	78	0.03846154	
	2014	16	1	3	235	0.01276596	
	2014	16	2	3	67	0.04477612	
	2014	17	1	1	106	0.009433962	
	2014	17	2	2	31	0.06451613	
	2014	18	1	1	11	0.09090909	
	2014	18	2	0	3	0	
	2014	19	1	0	1	0	
	2015	6	1	0	1	0	
	2015	8	2	0	1	0	
	2015	9	1	0	13	0	
	2015	9	2	0	3	0	
	2015	10	1	1	61	0.01639344	
	2015	10	2	0	4	0	
	2015	11	1	1	110	0.009090909	
	2015	11	2	0	12	0	
	2015	12	1	2	178	0.01123596	
	2015	12	2	0	21	0	
	2015	13	1	2	263	0.007604563	
	2015	13	2	1	36	0.02777778	
	2015	14	1	2	323	0.00619195	
	2015	14	2	1	45	0.02222222	
	2015	15	1	4	283	0.01413428	
	2015	15	2	2	56	0.03571429	
	2015	16	1	2	197	0.01015228	
	2015	16	2	0	71	0	
	2015	17	1	4	79	0.05063291	
	2015	17	2	1	32	0.03125	
	2015	18	1	1	15	0.06666667	
	2015	18	2	1	6	0.1666667	
	2015	19	1	0	1	0	
	2016	7	1	0	1	0	
	2016	8	1	0	4	0	
	2016	8	2	0	1	0	
	2016	9	1	0	27	0	
	2016	9	2	0	2	0	
	2016	10	1	0	39	0	
	2016	10	2	0	5	0	
	2016	11	1	0	122	0	
	2016	11	2	0	14	0	
	2016	12	1	2	190	0.01052632	
	2016	12	2	0	32	0	
	2016	13	1	2	255	0.007843137	
	2016	13	2	0	26	0	
	2016	14	1	1	315	0.003174603	
	2016	14	2	2	56	0.03571429	
	2016	15	1	7	301	0.02325581	
	2016	15	2	3	81	0.03703704	
	2016	16	1	1	231	0.004329004	
	2016	16	2	4	55	0.07272727	
	2016	17	1	4	92	0.04347826	
	2016	17	2	3	32	0.09375	
	2016	18	1	1	14	0.07142857	
	2017	6	2	0	1	0	
	2017	7	1	0	5	0	
	2017	8	1	0	3	0	
	2017	8	2	0	1	0	
	2017	9	1	0	15	0	
	2017	9	2	0	3	0	
	2017	10	1	0	61	0	
	2017	10	2	0	4	0	
	2017	11	1	0	110	0	
	2017	11	2	1	12	0.08333333	
	2017	12	1	1	190	0.005263158	
	2017	12	2	1	17	0.05882353	
	2017	13	1	0	250	0	
	2017	13	2	1	34	0.02941176	
	2017	14	1	3	321	0.009345794	
	2017	14	2	1	43	0.02325581	
	2017	15	1	3	307	0.009771987	
	2017	15	2	1	85	0.01176471	
	2017	16	1	5	210	0.02380952	
	2017	16	2	1	44	0.02272727	
	2017	17	1	3	96	0.03125	
	2017	17	2	1	20	0.05	
	2017	18	1	1	18	0.05555556	
	2017	18	2	0	4	0	
	2017	19	1	0	1	0	
	2018	6	1	0	2	0	
	2018	7	1	0	2	0	
	2018	8	1	0	4	0	
	2018	9	1	1	23	0.04347826	
	2018	10	1	0	41	0	
	2018	10	2	0	6	0	
	2018	11	1	0	117	0	
	2018	11	2	1	11	0.09090909	
	2018	12	1	0	159	0	
	2018	12	2	0	17	0	
	2018	13	1	2	256	0.0078125	
	2018	13	2	0	36	0	
	2018	14	1	3	290	0.01034483	
	2018	14	2	1	73	0.01369863	
	2018	15	1	0	313	0	
	2018	15	2	2	69	0.02898551	
	2018	16	1	3	218	0.01376147	
	2018	16	2	1	57	0.01754386	
	2018	17	1	1	74	0.01351351	
	2018	17	2	0	19	0	
	2018	18	1	1	9	0.1111111	
	2018	18	2	0	2	0	
	2018	19	2	0	1	0	
	2019	7	1	0	1	0	
	2019	8	1	0	5	0	
	2019	8	2	0	1	0	
	2019	9	1	0	12	0	
	2019	9	2	0	3	0	
	2019	10	1	0	45	0	
	2019	10	2	0	5	0	
	2019	11	1	0	107	0	
	2019	11	2	0	19	0	
	2019	12	1	1	178	0.005617978	
	2019	12	2	1	19	0.05263158	
	2019	13	1	2	236	0.008474576	
	2019	13	2	1	40	0.025	
	2019	14	1	5	277	0.01805054	
	2019	14	2	1	48	0.02083333	
	2019	15	1	4	286	0.01398601	
	2019	15	2	2	61	0.03278689	
	2019	16	1	3	215	0.01395349	
	2019	16	2	5	55	0.09090909	
	2019	17	1	1	59	0.01694915	
	2019	17	2	3	22	0.1363636	
	2019	18	1	2	12	0.1666667	
	2019	18	2	0	4	0	
	2019	19	1	0	1	0	
