
	F2_06_M Aortenaneurysma rupturiert, mit OP, Mortalität // Anévrisme de l'aorte avec rupture, avec OP, mortalité // Aneurisma aortico con lacerazione, con OP, mortalità
	BAG/OFSP/UFSP - CH-IQI Version V5-2 - Daten 2019 - 21. April 2021

	Jahr	AltEGrp	Sex	DeathCH	CasesCH	pCH	
	2008	8	1	0	1	0	
	2008	9	2	0	1	0	
	2008	10	1	1	3	0.3333333	
	2008	11	1	1	3	0.3333333	
	2008	12	1	1	5	0.2	
	2008	13	1	1	13	0.07692308	
	2008	13	2	0	3	0	
	2008	14	1	5	13	0.3846154	
	2008	14	2	1	4	0.25	
	2008	15	1	3	23	0.1304348	
	2008	15	2	0	3	0	
	2008	16	1	7	26	0.2692308	
	2008	16	2	1	7	0.1428571	
	2008	17	1	9	20	0.45	
	2008	17	2	0	1	0	
	2008	18	1	4	5	0.8	
	2008	18	2	0	2	0	
	2008	19	1	0	1	0	
	2008	19	2	1	1	1	
	2009	9	1	0	1	0	
	2009	10	1	0	2	0	
	2009	12	1	1	8	0.125	
	2009	13	1	2	16	0.125	
	2009	14	1	2	14	0.1428571	
	2009	14	2	1	4	0.25	
	2009	15	1	4	18	0.2222222	
	2009	15	2	0	2	0	
	2009	16	1	2	20	0.1	
	2009	16	2	0	4	0	
	2009	17	1	2	9	0.2222222	
	2009	17	2	3	6	0.5	
	2009	18	1	1	2	0.5	
	2009	18	2	0	2	0	
	2009	19	2	1	1	1	
	2010	6	2	0	1	0	
	2010	7	1	0	1	0	
	2010	9	1	0	1	0	
	2010	11	1	1	3	0.3333333	
	2010	11	2	0	1	0	
	2010	12	1	1	8	0.125	
	2010	12	2	0	1	0	
	2010	13	1	4	22	0.1818182	
	2010	13	2	0	1	0	
	2010	14	1	5	28	0.1785714	
	2010	14	2	1	1	1	
	2010	15	1	3	30	0.1	
	2010	15	2	0	5	0	
	2010	16	1	6	26	0.2307692	
	2010	16	2	0	2	0	
	2010	17	1	9	25	0.36	
	2010	17	2	0	1	0	
	2010	18	1	7	11	0.6363636	
	2010	18	2	0	1	0	
	2011	7	1	0	1	0	
	2011	10	1	0	4	0	
	2011	11	1	1	2	0.5	
	2011	11	2	0	1	0	
	2011	12	1	2	12	0.1666667	
	2011	12	2	0	3	0	
	2011	13	1	3	9	0.3333333	
	2011	13	2	0	2	0	
	2011	14	1	1	21	0.04761905	
	2011	14	2	0	3	0	
	2011	15	1	8	21	0.3809524	
	2011	15	2	5	9	0.5555556	
	2011	16	1	7	28	0.25	
	2011	16	2	1	5	0.2	
	2011	17	1	4	11	0.3636364	
	2011	17	2	0	4	0	
	2011	18	1	4	10	0.4	
	2011	18	2	0	1	0	
	2011	19	1	1	2	0.5	
	2012	8	1	0	1	0	
	2012	8	2	0	1	0	
	2012	10	1	2	5	0.4	
	2012	11	1	0	2	0	
	2012	12	1	2	13	0.1538462	
	2012	13	1	2	23	0.08695652	
	2012	13	2	0	2	0	
	2012	14	1	5	27	0.1851852	
	2012	14	2	1	4	0.25	
	2012	15	1	10	26	0.3846154	
	2012	15	2	2	6	0.3333333	
	2012	16	1	5	22	0.2272727	
	2012	16	2	3	9	0.3333333	
	2012	17	1	3	23	0.1304348	
	2012	17	2	1	5	0.2	
	2012	18	1	3	7	0.4285714	
	2012	18	2	2	5	0.4	
	2012	19	1	2	2	1	
	2013	8	1	0	1	0	
	2013	10	1	1	2	0.5	
	2013	11	1	0	9	0	
	2013	12	1	1	15	0.06666667	
	2013	12	2	1	1	1	
	2013	13	1	1	12	0.08333333	
	2013	13	2	0	2	0	
	2013	14	1	4	20	0.2	
	2013	14	2	3	5	0.6	
	2013	15	1	5	27	0.1851852	
	2013	15	2	4	9	0.4444444	
	2013	16	1	2	21	0.0952381	
	2013	16	2	7	13	0.5384615	
	2013	17	1	9	26	0.3461538	
	2013	17	2	0	7	0	
	2013	18	1	3	9	0.3333333	
	2013	18	2	1	2	0.5	
	2013	19	1	1	2	0.5	
	2014	8	1	0	1	0	
	2014	9	1	0	2	0	
	2014	10	1	2	3	0.6666667	
	2014	10	2	0	1	0	
	2014	11	1	0	5	0	
	2014	12	1	1	11	0.09090909	
	2014	12	2	0	1	0	
	2014	13	1	2	10	0.2	
	2014	13	2	1	3	0.3333333	
	2014	14	1	3	22	0.1363636	
	2014	14	2	5	7	0.7142857	
	2014	15	1	5	35	0.1428571	
	2014	15	2	3	9	0.3333333	
	2014	16	1	6	35	0.1714286	
	2014	16	2	1	5	0.2	
	2014	17	1	7	19	0.3684211	
	2014	17	2	2	4	0.5	
	2014	18	1	6	12	0.5	
	2014	18	2	2	4	0.5	
	2014	19	1	1	1	1	
	2014	19	2	1	3	0.3333333	
	2015	8	1	0	1	0	
	2015	9	1	0	2	0	
	2015	9	2	0	2	0	
	2015	10	1	0	1	0	
	2015	11	1	0	1	0	
	2015	12	1	0	14	0	
	2015	13	1	2	19	0.1052632	
	2015	13	2	0	3	0	
	2015	14	1	7	23	0.3043478	
	2015	14	2	2	3	0.6666667	
	2015	15	1	5	25	0.2	
	2015	15	2	2	5	0.4	
	2015	16	1	3	17	0.1764706	
	2015	16	2	1	8	0.125	
	2015	17	1	12	28	0.4285714	
	2015	17	2	3	8	0.375	
	2015	18	1	5	13	0.3846154	
	2015	18	2	3	5	0.6	
	2015	19	1	4	4	1	
	2015	19	2	1	1	1	
	2016	5	1	0	1	0	
	2016	9	1	0	1	0	
	2016	9	2	1	1	1	
	2016	11	1	2	11	0.1818182	
	2016	11	2	0	2	0	
	2016	12	1	3	10	0.3	
	2016	12	2	1	4	0.25	
	2016	13	1	2	12	0.1666667	
	2016	13	2	2	4	0.5	
	2016	14	1	1	20	0.05	
	2016	14	2	1	3	0.3333333	
	2016	15	1	6	26	0.2307692	
	2016	15	2	3	8	0.375	
	2016	16	1	8	37	0.2162162	
	2016	16	2	3	8	0.375	
	2016	17	1	6	25	0.24	
	2016	17	2	3	12	0.25	
	2016	18	1	5	20	0.25	
	2016	18	2	3	5	0.6	
	2016	19	1	2	2	1	
	2017	7	1	0	1	0	
	2017	8	1	1	1	1	
	2017	10	1	0	6	0	
	2017	11	1	1	4	0.25	
	2017	12	1	2	10	0.2	
	2017	12	2	0	1	0	
	2017	13	1	4	15	0.2666667	
	2017	13	2	0	2	0	
	2017	14	1	5	17	0.2941176	
	2017	14	2	4	6	0.6666667	
	2017	15	1	6	25	0.24	
	2017	15	2	1	7	0.1428571	
	2017	16	1	6	27	0.2222222	
	2017	16	2	4	11	0.3636364	
	2017	17	1	3	17	0.1764706	
	2017	17	2	3	5	0.6	
	2017	18	1	2	5	0.4	
	2017	18	2	0	2	0	
	2017	19	1	0	1	0	
	2018	2	1	0	1	0	
	2018	6	1	0	1	0	
	2018	9	1	0	1	0	
	2018	10	2	1	1	1	
	2018	11	1	2	5	0.4	
	2018	11	2	0	1	0	
	2018	12	1	3	13	0.2307692	
	2018	12	2	1	1	1	
	2018	13	1	4	19	0.2105263	
	2018	13	2	1	3	0.3333333	
	2018	14	1	2	21	0.0952381	
	2018	14	2	4	7	0.5714286	
	2018	15	1	7	30	0.2333333	
	2018	15	2	5	16	0.3125	
	2018	16	1	4	19	0.2105263	
	2018	16	2	3	10	0.3	
	2018	17	1	9	23	0.3913043	
	2018	17	2	3	10	0.3	
	2018	18	1	7	11	0.6363636	
	2018	18	2	1	3	0.3333333	
	2018	19	1	1	1	1	
	2019	4	1	0	1	0	
	2019	6	1	0	1	0	
	2019	8	1	0	1	0	
	2019	9	1	0	2	0	
	2019	10	1	1	3	0.3333333	
	2019	10	2	0	2	0	
	2019	11	1	0	5	0	
	2019	12	1	2	7	0.2857143	
	2019	12	2	0	1	0	
	2019	13	1	2	13	0.1538462	
	2019	13	2	2	5	0.4	
	2019	14	1	0	16	0	
	2019	14	2	2	3	0.6666667	
	2019	15	1	6	28	0.2142857	
	2019	15	2	4	10	0.4	
	2019	16	1	5	30	0.1666667	
	2019	16	2	0	8	0	
	2019	17	1	6	21	0.2857143	
	2019	17	2	3	8	0.375	
	2019	18	1	2	12	0.1666667	
	2019	18	2	2	7	0.2857143	
	2019	19	1	2	6	0.3333333	
	2019	19	2	1	1	1	
