
	E4_08_M Kolorektale Resektionen bei anderer Diagnose, Mortalität // Résections du côlon pour autre diagnostic, mortalité // Resezioni colorettali per altra diagnosi, mortalità
	BAG/OFSP/UFSP - CH-IQI Version V5-2 - Daten 2019 - 21. April 2021

	Jahr	AltEGrp	Sex	DeathCH	CasesCH	pCH	
	2008	1	1	0	33	0	
	2008	1	2	2	15	0.1333333	
	2008	2	1	0	6	0	
	2008	3	1	0	4	0	
	2008	3	2	0	4	0	
	2008	4	1	0	16	0	
	2008	4	2	0	8	0	
	2008	5	1	1	17	0.05882353	
	2008	5	2	0	11	0	
	2008	6	1	0	18	0	
	2008	6	2	2	19	0.1052632	
	2008	7	1	0	15	0	
	2008	7	2	0	37	0	
	2008	8	1	0	21	0	
	2008	8	2	1	39	0.02564103	
	2008	9	1	1	29	0.03448276	
	2008	9	2	0	66	0	
	2008	10	1	1	51	0.01960784	
	2008	10	2	1	77	0.01298701	
	2008	11	1	0	61	0	
	2008	11	2	3	96	0.03125	
	2008	12	1	3	108	0.02777778	
	2008	12	2	2	144	0.01388889	
	2008	13	1	7	143	0.04895105	
	2008	13	2	6	164	0.03658537	
	2008	14	1	11	141	0.07801418	
	2008	14	2	10	168	0.05952381	
	2008	15	1	10	126	0.07936508	
	2008	15	2	10	202	0.04950495	
	2008	16	1	10	144	0.06944444	
	2008	16	2	16	183	0.08743169	
	2008	17	1	20	92	0.2173913	
	2008	17	2	12	146	0.08219178	
	2008	18	1	5	34	0.1470588	
	2008	18	2	12	85	0.1411765	
	2008	19	1	2	7	0.2857143	
	2008	19	2	2	17	0.1176471	
	2008	20	1	1	1	1	
	2008	20	2	0	3	0	
	2009	1	1	0	34	0	
	2009	1	2	1	13	0.07692308	
	2009	2	1	0	3	0	
	2009	2	2	0	1	0	
	2009	3	1	0	6	0	
	2009	3	2	0	2	0	
	2009	4	1	0	7	0	
	2009	4	2	0	8	0	
	2009	5	1	0	19	0	
	2009	5	2	1	10	0.1	
	2009	6	1	0	13	0	
	2009	6	2	0	20	0	
	2009	7	1	0	22	0	
	2009	7	2	0	37	0	
	2009	8	1	0	17	0	
	2009	8	2	0	39	0	
	2009	9	1	1	48	0.02083333	
	2009	9	2	1	58	0.01724138	
	2009	10	1	0	48	0	
	2009	10	2	1	64	0.015625	
	2009	11	1	4	61	0.06557377	
	2009	11	2	4	107	0.03738318	
	2009	12	1	7	92	0.07608696	
	2009	12	2	4	117	0.03418803	
	2009	13	1	5	128	0.0390625	
	2009	13	2	5	206	0.02427184	
	2009	14	1	9	130	0.06923077	
	2009	14	2	4	168	0.02380952	
	2009	15	1	11	128	0.0859375	
	2009	15	2	11	164	0.06707317	
	2009	16	1	10	99	0.1010101	
	2009	16	2	16	158	0.1012658	
	2009	17	1	15	94	0.1595745	
	2009	17	2	17	146	0.1164384	
	2009	18	1	10	31	0.3225806	
	2009	18	2	19	82	0.2317073	
	2009	19	1	1	1	1	
	2009	19	2	5	23	0.2173913	
	2009	20	2	2	5	0.4	
	2010	1	1	0	35	0	
	2010	1	2	1	8	0.125	
	2010	2	1	0	6	0	
	2010	2	2	0	5	0	
	2010	3	1	0	2	0	
	2010	3	2	0	3	0	
	2010	4	1	0	9	0	
	2010	4	2	0	5	0	
	2010	5	1	0	10	0	
	2010	5	2	0	20	0	
	2010	6	1	0	17	0	
	2010	6	2	0	22	0	
	2010	7	1	0	19	0	
	2010	7	2	0	49	0	
	2010	8	1	0	21	0	
	2010	8	2	0	52	0	
	2010	9	1	0	34	0	
	2010	9	2	1	61	0.01639344	
	2010	10	1	3	60	0.05	
	2010	10	2	0	97	0	
	2010	11	1	3	62	0.0483871	
	2010	11	2	0	86	0	
	2010	12	1	3	79	0.03797468	
	2010	12	2	1	134	0.007462687	
	2010	13	1	4	113	0.03539823	
	2010	13	2	2	154	0.01298701	
	2010	14	1	6	170	0.03529412	
	2010	14	2	4	216	0.01851852	
	2010	15	1	18	136	0.1323529	
	2010	15	2	4	159	0.02515723	
	2010	16	1	11	95	0.1157895	
	2010	16	2	14	147	0.0952381	
	2010	17	1	7	66	0.1060606	
	2010	17	2	30	144	0.2083333	
	2010	18	1	8	27	0.2962963	
	2010	18	2	10	80	0.125	
	2010	19	1	3	10	0.3	
	2010	19	2	2	12	0.1666667	
	2010	20	2	2	4	0.5	
	2011	1	1	2	42	0.04761905	
	2011	1	2	0	13	0	
	2011	2	1	0	4	0	
	2011	2	2	0	2	0	
	2011	3	1	0	2	0	
	2011	3	2	0	4	0	
	2011	4	1	0	7	0	
	2011	4	2	0	7	0	
	2011	5	1	1	19	0.05263158	
	2011	5	2	0	21	0	
	2011	6	1	1	15	0.06666667	
	2011	6	2	0	30	0	
	2011	7	1	0	19	0	
	2011	7	2	0	42	0	
	2011	8	1	0	27	0	
	2011	8	2	1	39	0.02564103	
	2011	9	1	1	32	0.03125	
	2011	9	2	1	49	0.02040816	
	2011	10	1	1	51	0.01960784	
	2011	10	2	2	84	0.02380952	
	2011	11	1	3	77	0.03896104	
	2011	11	2	5	100	0.05	
	2011	12	1	1	74	0.01351351	
	2011	12	2	0	132	0	
	2011	13	1	7	144	0.04861111	
	2011	13	2	6	164	0.03658537	
	2011	14	1	7	148	0.0472973	
	2011	14	2	13	189	0.06878307	
	2011	15	1	13	126	0.1031746	
	2011	15	2	17	150	0.1133333	
	2011	16	1	12	120	0.1	
	2011	16	2	12	190	0.06315789	
	2011	17	1	17	87	0.1954023	
	2011	17	2	24	149	0.1610738	
	2011	18	1	5	24	0.2083333	
	2011	18	2	12	67	0.1791045	
	2011	19	1	1	1	1	
	2011	19	2	4	20	0.2	
	2011	20	2	0	1	0	
	2012	1	1	0	25	0	
	2012	1	2	1	11	0.09090909	
	2012	2	1	0	3	0	
	2012	2	2	0	1	0	
	2012	3	1	0	3	0	
	2012	3	2	0	4	0	
	2012	4	1	0	9	0	
	2012	4	2	0	6	0	
	2012	5	1	1	14	0.07142857	
	2012	5	2	0	17	0	
	2012	6	1	0	23	0	
	2012	6	2	0	27	0	
	2012	7	1	1	17	0.05882353	
	2012	7	2	0	31	0	
	2012	8	1	0	24	0	
	2012	8	2	1	39	0.02564103	
	2012	9	1	0	36	0	
	2012	9	2	1	61	0.01639344	
	2012	10	1	1	43	0.02325581	
	2012	10	2	2	88	0.02272727	
	2012	11	1	0	63	0	
	2012	11	2	0	104	0	
	2012	12	1	7	96	0.07291667	
	2012	12	2	2	129	0.01550388	
	2012	13	1	4	101	0.03960396	
	2012	13	2	1	163	0.006134969	
	2012	14	1	11	142	0.07746479	
	2012	14	2	6	181	0.03314917	
	2012	15	1	8	112	0.07142857	
	2012	15	2	14	185	0.07567568	
	2012	16	1	9	103	0.08737864	
	2012	16	2	15	175	0.08571429	
	2012	17	1	14	80	0.175	
	2012	17	2	16	140	0.1142857	
	2012	18	1	7	32	0.21875	
	2012	18	2	20	79	0.2531646	
	2012	19	1	3	7	0.4285714	
	2012	19	2	4	15	0.2666667	
	2012	20	1	1	1	1	
	2012	20	2	1	4	0.25	
	2013	1	1	0	24	0	
	2013	1	2	0	10	0	
	2013	2	1	0	2	0	
	2013	2	2	0	3	0	
	2013	3	2	0	2	0	
	2013	4	1	0	15	0	
	2013	4	2	0	4	0	
	2013	5	1	0	13	0	
	2013	5	2	0	20	0	
	2013	6	1	0	15	0	
	2013	6	2	0	29	0	
	2013	7	1	0	14	0	
	2013	7	2	0	45	0	
	2013	8	1	0	15	0	
	2013	8	2	0	50	0	
	2013	9	1	0	31	0	
	2013	9	2	0	52	0	
	2013	10	1	1	42	0.02380952	
	2013	10	2	0	97	0	
	2013	11	1	5	65	0.07692308	
	2013	11	2	1	96	0.01041667	
	2013	12	1	5	99	0.05050505	
	2013	12	2	1	121	0.008264463	
	2013	13	1	6	100	0.06	
	2013	13	2	2	152	0.01315789	
	2013	14	1	5	152	0.03289474	
	2013	14	2	10	169	0.0591716	
	2013	15	1	9	140	0.06428571	
	2013	15	2	8	183	0.04371585	
	2013	16	1	14	132	0.1060606	
	2013	16	2	12	145	0.08275862	
	2013	17	1	13	69	0.1884058	
	2013	17	2	15	138	0.1086957	
	2013	18	1	8	27	0.2962963	
	2013	18	2	15	91	0.1648352	
	2013	19	1	3	12	0.25	
	2013	19	2	3	21	0.1428571	
	2013	20	1	1	1	1	
	2013	20	2	1	3	0.3333333	
	2014	1	1	0	28	0	
	2014	1	2	0	10	0	
	2014	2	1	0	3	0	
	2014	2	2	0	2	0	
	2014	3	1	0	2	0	
	2014	3	2	0	3	0	
	2014	4	1	0	9	0	
	2014	4	2	0	10	0	
	2014	5	1	0	11	0	
	2014	5	2	0	6	0	
	2014	6	1	0	10	0	
	2014	6	2	0	25	0	
	2014	7	1	0	18	0	
	2014	7	2	0	38	0	
	2014	8	1	0	16	0	
	2014	8	2	1	49	0.02040816	
	2014	9	1	0	25	0	
	2014	9	2	0	68	0	
	2014	10	1	2	53	0.03773585	
	2014	10	2	1	86	0.01162791	
	2014	11	1	1	93	0.01075269	
	2014	11	2	1	124	0.008064516	
	2014	12	1	0	98	0	
	2014	12	2	3	126	0.02380952	
	2014	13	1	3	100	0.03	
	2014	13	2	4	148	0.02702703	
	2014	14	1	8	143	0.05594406	
	2014	14	2	6	184	0.0326087	
	2014	15	1	9	140	0.06428571	
	2014	15	2	11	203	0.05418719	
	2014	16	1	16	123	0.1300813	
	2014	16	2	14	167	0.08383234	
	2014	17	1	14	102	0.1372549	
	2014	17	2	12	126	0.0952381	
	2014	18	1	6	31	0.1935484	
	2014	18	2	14	80	0.175	
	2014	19	1	1	6	0.1666667	
	2014	19	2	6	22	0.2727273	
	2014	20	2	1	2	0.5	
	2015	1	1	0	30	0	
	2015	1	2	2	20	0.1	
	2015	2	1	0	5	0	
	2015	3	1	0	2	0	
	2015	4	1	0	5	0	
	2015	4	2	0	7	0	
	2015	5	1	0	12	0	
	2015	5	2	0	8	0	
	2015	6	1	1	5	0.2	
	2015	6	2	0	29	0	
	2015	7	1	0	10	0	
	2015	7	2	1	39	0.02564103	
	2015	8	1	0	11	0	
	2015	8	2	0	41	0	
	2015	9	1	1	29	0.03448276	
	2015	9	2	0	50	0	
	2015	10	1	0	36	0	
	2015	10	2	0	60	0	
	2015	11	1	1	73	0.01369863	
	2015	11	2	2	90	0.02222222	
	2015	12	1	3	77	0.03896104	
	2015	12	2	1	103	0.009708738	
	2015	13	1	8	118	0.06779661	
	2015	13	2	2	131	0.01526718	
	2015	14	1	8	127	0.06299213	
	2015	14	2	5	187	0.02673797	
	2015	15	1	7	125	0.056	
	2015	15	2	13	186	0.06989247	
	2015	16	1	17	109	0.1559633	
	2015	16	2	9	152	0.05921053	
	2015	17	1	12	75	0.16	
	2015	17	2	16	140	0.1142857	
	2015	18	1	12	34	0.3529412	
	2015	18	2	10	81	0.1234568	
	2015	19	1	2	4	0.5	
	2015	19	2	5	23	0.2173913	
	2015	20	2	1	3	0.3333333	
	2016	1	1	1	33	0.03030303	
	2016	1	2	0	9	0	
	2016	2	1	0	2	0	
	2016	2	2	0	1	0	
	2016	3	1	0	2	0	
	2016	3	2	0	3	0	
	2016	4	1	0	11	0	
	2016	4	2	0	2	0	
	2016	5	1	0	12	0	
	2016	5	2	0	8	0	
	2016	6	1	0	12	0	
	2016	6	2	0	23	0	
	2016	7	1	0	9	0	
	2016	7	2	0	35	0	
	2016	8	1	0	24	0	
	2016	8	2	1	40	0.025	
	2016	9	1	0	29	0	
	2016	9	2	0	57	0	
	2016	10	1	0	32	0	
	2016	10	2	0	59	0	
	2016	11	1	0	64	0	
	2016	11	2	0	105	0	
	2016	12	1	2	85	0.02352941	
	2016	12	2	3	102	0.02941176	
	2016	13	1	4	104	0.03846154	
	2016	13	2	4	136	0.02941176	
	2016	14	1	7	125	0.056	
	2016	14	2	10	148	0.06756757	
	2016	15	1	7	133	0.05263158	
	2016	15	2	7	190	0.03684211	
	2016	16	1	11	88	0.125	
	2016	16	2	15	177	0.08474576	
	2016	17	1	13	68	0.1911765	
	2016	17	2	20	126	0.1587302	
	2016	18	1	13	41	0.3170732	
	2016	18	2	17	68	0.25	
	2016	19	1	3	9	0.3333333	
	2016	19	2	2	25	0.08	
	2016	20	2	1	7	0.1428571	
	2017	1	1	3	34	0.08823529	
	2017	1	2	1	14	0.07142857	
	2017	2	1	0	3	0	
	2017	2	2	0	3	0	
	2017	3	1	0	3	0	
	2017	3	2	0	3	0	
	2017	4	1	0	5	0	
	2017	4	2	0	3	0	
	2017	5	1	0	13	0	
	2017	5	2	0	15	0	
	2017	6	1	0	11	0	
	2017	6	2	0	13	0	
	2017	7	1	0	15	0	
	2017	7	2	0	40	0	
	2017	8	1	1	15	0.06666667	
	2017	8	2	0	44	0	
	2017	9	1	1	14	0.07142857	
	2017	9	2	0	56	0	
	2017	10	1	0	27	0	
	2017	10	2	0	66	0	
	2017	11	1	1	61	0.01639344	
	2017	11	2	0	83	0	
	2017	12	1	3	75	0.04	
	2017	12	2	2	103	0.01941748	
	2017	13	1	1	70	0.01428571	
	2017	13	2	2	124	0.01612903	
	2017	14	1	8	109	0.0733945	
	2017	14	2	1	149	0.006711409	
	2017	15	1	10	123	0.08130081	
	2017	15	2	8	175	0.04571429	
	2017	16	1	9	67	0.1343284	
	2017	16	2	9	147	0.06122449	
	2017	17	1	2	69	0.02898551	
	2017	17	2	11	104	0.1057692	
	2017	18	1	6	39	0.1538462	
	2017	18	2	13	64	0.203125	
	2017	19	1	1	8	0.125	
	2017	19	2	2	19	0.1052632	
	2017	20	2	0	5	0	
	2018	1	1	0	25	0	
	2018	1	2	0	18	0	
	2018	2	1	0	1	0	
	2018	2	2	0	2	0	
	2018	3	1	0	3	0	
	2018	3	2	0	2	0	
	2018	4	1	0	12	0	
	2018	4	2	1	1	1	
	2018	5	1	0	11	0	
	2018	5	2	0	10	0	
	2018	6	1	2	17	0.1176471	
	2018	6	2	0	21	0	
	2018	7	1	1	16	0.0625	
	2018	7	2	0	39	0	
	2018	8	1	0	17	0	
	2018	8	2	0	48	0	
	2018	9	1	0	23	0	
	2018	9	2	0	63	0	
	2018	10	1	1	37	0.02702703	
	2018	10	2	1	52	0.01923077	
	2018	11	1	3	60	0.05	
	2018	11	2	2	93	0.02150538	
	2018	12	1	4	76	0.05263158	
	2018	12	2	0	119	0	
	2018	13	1	5	93	0.05376344	
	2018	13	2	6	128	0.046875	
	2018	14	1	6	112	0.05357143	
	2018	14	2	5	162	0.0308642	
	2018	15	1	6	108	0.05555556	
	2018	15	2	4	155	0.02580645	
	2018	16	1	7	109	0.06422018	
	2018	16	2	15	166	0.09036145	
	2018	17	1	6	58	0.1034483	
	2018	17	2	13	127	0.1023622	
	2018	18	1	5	26	0.1923077	
	2018	18	2	9	76	0.1184211	
	2018	19	1	5	8	0.625	
	2018	19	2	5	23	0.2173913	
	2018	20	1	1	2	0.5	
	2018	20	2	0	3	0	
	2019	1	1	0	31	0	
	2019	1	2	2	20	0.1	
	2019	2	1	0	1	0	
	2019	3	2	0	1	0	
	2019	4	1	0	5	0	
	2019	4	2	0	8	0	
	2019	5	1	0	6	0	
	2019	5	2	0	11	0	
	2019	6	1	0	12	0	
	2019	6	2	0	27	0	
	2019	7	1	1	10	0.1	
	2019	7	2	0	41	0	
	2019	8	1	0	21	0	
	2019	8	2	0	55	0	
	2019	9	1	0	22	0	
	2019	9	2	0	64	0	
	2019	10	1	2	33	0.06060606	
	2019	10	2	2	57	0.03508772	
	2019	11	1	1	64	0.015625	
	2019	11	2	0	81	0	
	2019	12	1	4	88	0.04545455	
	2019	12	2	4	105	0.03809524	
	2019	13	1	2	97	0.02061856	
	2019	13	2	5	128	0.0390625	
	2019	14	1	11	92	0.1195652	
	2019	14	2	8	153	0.05228758	
	2019	15	1	7	120	0.05833333	
	2019	15	2	8	182	0.04395604	
	2019	16	1	14	97	0.1443299	
	2019	16	2	7	145	0.04827586	
	2019	17	1	10	83	0.1204819	
	2019	17	2	11	117	0.09401709	
	2019	18	1	5	25	0.2	
	2019	18	2	8	59	0.1355932	
	2019	19	1	1	7	0.1428571	
	2019	19	2	5	22	0.2272727	
	2019	20	1	0	1	0	
	2019	20	2	0	5	0	
