
	A3_04_M Diagnostische Katheter der Koronargefässe ohne HD Herzinfarkt ohne OP am Herzen (Alter >19), Mortalität // Cathétérisme diagnostique des vaisseaux coronaires sans DP infarctus du myocarde sans OP du cœur (âge >19), mortalité // Catetere diagnostico dei vasi coronarici senza DP infarto miocardico senza OP al cuore (età >19), mortalità
	BAG/OFSP/UFSP - CH-IQI Version V5-2 - Daten 2019 - 21. April 2021

	Jahr	AltEGrp	Sex	DeathCH	CasesCH	pCH	
	2008	5	1	0	19	0	
	2008	5	2	0	2	0	
	2008	6	1	0	22	0	
	2008	6	2	0	2	0	
	2008	7	1	0	45	0	
	2008	7	2	1	12	0.08333333	
	2008	8	1	0	84	0	
	2008	8	2	0	42	0	
	2008	9	1	2	214	0.009345794	
	2008	9	2	0	54	0	
	2008	10	1	1	345	0.002898551	
	2008	10	2	1	118	0.008474576	
	2008	11	1	3	551	0.005444646	
	2008	11	2	1	225	0.004444444	
	2008	12	1	6	762	0.007874016	
	2008	12	2	2	302	0.006622517	
	2008	13	1	5	1077	0.004642526	
	2008	13	2	3	522	0.005747126	
	2008	14	1	6	1038	0.005780347	
	2008	14	2	2	596	0.003355705	
	2008	15	1	10	1048	0.009541985	
	2008	15	2	3	632	0.004746835	
	2008	16	1	14	754	0.01856764	
	2008	16	2	5	614	0.008143322	
	2008	17	1	6	410	0.01463415	
	2008	17	2	3	332	0.009036145	
	2008	18	1	1	114	0.00877193	
	2008	18	2	3	96	0.03125	
	2008	19	1	0	8	0	
	2008	19	2	0	14	0	
	2009	5	1	0	20	0	
	2009	5	2	0	6	0	
	2009	6	1	0	27	0	
	2009	6	2	1	6	0.1666667	
	2009	7	1	1	35	0.02857143	
	2009	7	2	0	14	0	
	2009	8	1	0	87	0	
	2009	8	2	0	30	0	
	2009	9	1	2	177	0.01129944	
	2009	9	2	0	66	0	
	2009	10	1	1	313	0.003194888	
	2009	10	2	0	113	0	
	2009	11	1	0	524	0	
	2009	11	2	3	243	0.01234568	
	2009	12	1	4	749	0.005340454	
	2009	12	2	5	276	0.01811594	
	2009	13	1	2	1004	0.001992032	
	2009	13	2	5	486	0.01028807	
	2009	14	1	3	1034	0.002901354	
	2009	14	2	1	558	0.001792115	
	2009	15	1	8	993	0.008056395	
	2009	15	2	4	590	0.006779661	
	2009	16	1	10	797	0.01254705	
	2009	16	2	5	621	0.00805153	
	2009	17	1	16	412	0.03883495	
	2009	17	2	5	367	0.01362398	
	2009	18	1	3	127	0.02362205	
	2009	18	2	5	154	0.03246753	
	2009	19	1	0	13	0	
	2009	19	2	0	16	0	
	2009	20	2	1	2	0.5	
	2010	5	1	0	14	0	
	2010	5	2	1	7	0.1428571	
	2010	6	1	0	24	0	
	2010	6	2	0	9	0	
	2010	7	1	0	44	0	
	2010	7	2	0	14	0	
	2010	8	1	0	92	0	
	2010	8	2	1	29	0.03448276	
	2010	9	1	1	184	0.005434783	
	2010	9	2	1	70	0.01428571	
	2010	10	1	1	380	0.002631579	
	2010	10	2	1	159	0.006289308	
	2010	11	1	5	560	0.008928571	
	2010	11	2	1	234	0.004273504	
	2010	12	1	2	824	0.002427184	
	2010	12	2	2	391	0.00511509	
	2010	13	1	10	1135	0.008810573	
	2010	13	2	4	519	0.007707129	
	2010	14	1	16	1267	0.01262826	
	2010	14	2	3	741	0.004048583	
	2010	15	1	8	1160	0.006896552	
	2010	15	2	7	702	0.00997151	
	2010	16	1	12	1050	0.01142857	
	2010	16	2	7	757	0.009247028	
	2010	17	1	6	535	0.01121495	
	2010	17	2	7	504	0.01388889	
	2010	18	1	3	153	0.01960784	
	2010	18	2	2	162	0.01234568	
	2010	19	1	1	20	0.05	
	2010	19	2	0	24	0	
	2010	20	1	0	2	0	
	2011	5	1	0	8	0	
	2011	5	2	0	6	0	
	2011	6	1	0	31	0	
	2011	6	2	0	7	0	
	2011	7	1	0	39	0	
	2011	7	2	0	21	0	
	2011	8	1	0	90	0	
	2011	8	2	0	29	0	
	2011	9	1	0	191	0	
	2011	9	2	0	67	0	
	2011	10	1	2	367	0.005449591	
	2011	10	2	0	153	0	
	2011	11	1	4	563	0.007104796	
	2011	11	2	1	246	0.004065041	
	2011	12	1	9	822	0.01094891	
	2011	12	2	3	348	0.00862069	
	2011	13	1	5	1116	0.004480287	
	2011	13	2	5	516	0.009689922	
	2011	14	1	5	1220	0.004098361	
	2011	14	2	2	709	0.002820874	
	2011	15	1	10	1083	0.00923361	
	2011	15	2	9	749	0.01201602	
	2011	16	1	16	1026	0.01559454	
	2011	16	2	8	738	0.01084011	
	2011	17	1	7	636	0.01100629	
	2011	17	2	4	543	0.007366483	
	2011	18	1	4	185	0.02162162	
	2011	18	2	1	191	0.005235602	
	2011	19	1	1	20	0.05	
	2011	19	2	0	18	0	
	2012	5	1	0	12	0	
	2012	5	2	0	6	0	
	2012	6	1	0	25	0	
	2012	6	2	0	1	0	
	2012	7	1	2	34	0.05882353	
	2012	7	2	0	14	0	
	2012	8	1	0	88	0	
	2012	8	2	1	21	0.04761905	
	2012	9	1	0	184	0	
	2012	9	2	1	47	0.0212766	
	2012	10	1	2	319	0.006269592	
	2012	10	2	2	153	0.0130719	
	2012	11	1	5	506	0.009881423	
	2012	11	2	0	194	0	
	2012	12	1	6	745	0.008053691	
	2012	12	2	1	315	0.003174603	
	2012	13	1	8	980	0.008163265	
	2012	13	2	3	477	0.006289308	
	2012	14	1	10	1239	0.008071025	
	2012	14	2	5	664	0.00753012	
	2012	15	1	9	1063	0.008466604	
	2012	15	2	9	735	0.0122449	
	2012	16	1	20	991	0.02018163	
	2012	16	2	11	751	0.01464714	
	2012	17	1	16	587	0.02725724	
	2012	17	2	9	489	0.01840491	
	2012	18	1	6	173	0.03468208	
	2012	18	2	1	194	0.005154639	
	2012	19	1	1	22	0.04545455	
	2012	19	2	4	28	0.1428571	
	2012	20	1	0	1	0	
	2012	20	2	0	2	0	
	2013	5	1	0	20	0	
	2013	5	2	0	3	0	
	2013	6	1	0	22	0	
	2013	6	2	0	5	0	
	2013	7	1	1	45	0.02222222	
	2013	7	2	1	7	0.1428571	
	2013	8	1	1	71	0.01408451	
	2013	8	2	0	39	0	
	2013	9	1	2	180	0.01111111	
	2013	9	2	3	58	0.05172414	
	2013	10	1	0	340	0	
	2013	10	2	2	127	0.01574803	
	2013	11	1	4	518	0.007722008	
	2013	11	2	3	214	0.01401869	
	2013	12	1	4	685	0.005839416	
	2013	12	2	2	344	0.005813953	
	2013	13	1	15	929	0.01614639	
	2013	13	2	6	485	0.01237113	
	2013	14	1	16	1189	0.01345669	
	2013	14	2	9	693	0.01298701	
	2013	15	1	16	1143	0.01399825	
	2013	15	2	11	680	0.01617647	
	2013	16	1	15	1022	0.0146771	
	2013	16	2	4	754	0.00530504	
	2013	17	1	14	679	0.02061856	
	2013	17	2	10	577	0.01733102	
	2013	18	1	7	211	0.03317536	
	2013	18	2	4	214	0.01869159	
	2013	19	1	0	29	0	
	2013	19	2	2	37	0.05405405	
	2013	20	1	0	5	0	
	2013	20	2	0	1	0	
	2014	5	1	1	13	0.07692308	
	2014	5	2	0	5	0	
	2014	6	1	1	37	0.02702703	
	2014	6	2	0	2	0	
	2014	7	1	2	54	0.03703704	
	2014	7	2	1	18	0.05555556	
	2014	8	1	1	72	0.01388889	
	2014	8	2	0	28	0	
	2014	9	1	1	163	0.006134969	
	2014	9	2	1	61	0.01639344	
	2014	10	1	0	341	0	
	2014	10	2	4	119	0.03361345	
	2014	11	1	5	554	0.009025271	
	2014	11	2	6	228	0.02631579	
	2014	12	1	8	799	0.01001252	
	2014	12	2	3	358	0.008379888	
	2014	13	1	18	962	0.01871102	
	2014	13	2	6	503	0.01192843	
	2014	14	1	13	1218	0.01067323	
	2014	14	2	3	697	0.004304161	
	2014	15	1	22	1285	0.01712062	
	2014	15	2	8	827	0.009673519	
	2014	16	1	19	1134	0.01675485	
	2014	16	2	12	875	0.01371429	
	2014	17	1	14	746	0.01876676	
	2014	17	2	8	601	0.01331115	
	2014	18	1	7	256	0.02734375	
	2014	18	2	3	264	0.01136364	
	2014	19	1	3	50	0.06	
	2014	19	2	0	41	0	
	2014	20	1	0	3	0	
	2014	20	2	0	2	0	
	2015	5	1	0	31	0	
	2015	5	2	0	3	0	
	2015	6	1	0	36	0	
	2015	6	2	0	3	0	
	2015	7	1	0	55	0	
	2015	7	2	0	11	0	
	2015	8	1	0	88	0	
	2015	8	2	1	21	0.04761905	
	2015	9	1	2	146	0.01369863	
	2015	9	2	2	53	0.03773585	
	2015	10	1	3	326	0.009202454	
	2015	10	2	2	138	0.01449275	
	2015	11	1	10	509	0.01964637	
	2015	11	2	4	259	0.01544402	
	2015	12	1	5	766	0.006527415	
	2015	12	2	3	351	0.008547009	
	2015	13	1	9	954	0.009433962	
	2015	13	2	4	507	0.007889546	
	2015	14	1	21	1192	0.01761745	
	2015	14	2	4	683	0.005856515	
	2015	15	1	20	1291	0.01549187	
	2015	15	2	10	830	0.01204819	
	2015	16	1	21	1124	0.01868327	
	2015	16	2	14	857	0.01633606	
	2015	17	1	17	795	0.02138365	
	2015	17	2	13	690	0.01884058	
	2015	18	1	8	317	0.02523659	
	2015	18	2	5	263	0.01901141	
	2015	19	1	2	48	0.04166667	
	2015	19	2	0	45	0	
	2015	20	2	0	5	0	
	2016	5	1	0	28	0	
	2016	5	2	0	2	0	
	2016	6	1	1	35	0.02857143	
	2016	6	2	0	6	0	
	2016	7	1	0	43	0	
	2016	7	2	0	6	0	
	2016	8	1	1	76	0.01315789	
	2016	8	2	0	26	0	
	2016	9	1	3	169	0.01775148	
	2016	9	2	2	65	0.03076923	
	2016	10	1	6	286	0.02097902	
	2016	10	2	0	131	0	
	2016	11	1	11	579	0.01899827	
	2016	11	2	2	239	0.008368201	
	2016	12	1	6	790	0.007594937	
	2016	12	2	3	336	0.008928571	
	2016	13	1	7	922	0.007592191	
	2016	13	2	6	515	0.01165049	
	2016	14	1	13	1161	0.01119724	
	2016	14	2	6	635	0.009448819	
	2016	15	1	20	1425	0.01403509	
	2016	15	2	11	896	0.01227679	
	2016	16	1	26	1156	0.02249135	
	2016	16	2	18	892	0.02017937	
	2016	17	1	17	819	0.02075702	
	2016	17	2	9	664	0.01355422	
	2016	18	1	11	310	0.03548387	
	2016	18	2	8	306	0.02614379	
	2016	19	1	2	41	0.04878049	
	2016	19	2	4	54	0.07407407	
	2016	20	1	0	2	0	
	2016	20	2	0	2	0	
	2017	5	1	0	17	0	
	2017	5	2	0	4	0	
	2017	6	1	0	27	0	
	2017	6	2	0	7	0	
	2017	7	1	1	48	0.02083333	
	2017	7	2	0	13	0	
	2017	8	1	0	99	0	
	2017	8	2	2	30	0.06666667	
	2017	9	1	7	148	0.0472973	
	2017	9	2	1	54	0.01851852	
	2017	10	1	1	291	0.003436426	
	2017	10	2	0	107	0	
	2017	11	1	8	493	0.01622718	
	2017	11	2	2	225	0.008888889	
	2017	12	1	10	707	0.01414427	
	2017	12	2	4	333	0.01201201	
	2017	13	1	18	871	0.0206659	
	2017	13	2	3	448	0.006696429	
	2017	14	1	11	1104	0.009963768	
	2017	14	2	12	683	0.01756955	
	2017	15	1	17	1389	0.01223902	
	2017	15	2	9	897	0.01003344	
	2017	16	1	22	1142	0.01926445	
	2017	16	2	10	883	0.01132503	
	2017	17	1	24	815	0.02944785	
	2017	17	2	8	684	0.01169591	
	2017	18	1	5	295	0.01694915	
	2017	18	2	7	336	0.02083333	
	2017	19	1	2	68	0.02941176	
	2017	19	2	1	53	0.01886792	
	2017	20	1	1	5	0.2	
	2017	20	2	0	3	0	
	2018	5	1	0	23	0	
	2018	5	2	0	2	0	
	2018	6	1	0	24	0	
	2018	6	2	0	12	0	
	2018	7	1	0	44	0	
	2018	7	2	1	11	0.09090909	
	2018	8	1	4	78	0.05128205	
	2018	8	2	1	25	0.04	
	2018	9	1	3	140	0.02142857	
	2018	9	2	1	59	0.01694915	
	2018	10	1	6	271	0.02214022	
	2018	10	2	3	111	0.02702703	
	2018	11	1	1	484	0.002066116	
	2018	11	2	3	202	0.01485149	
	2018	12	1	8	603	0.013267	
	2018	12	2	4	320	0.0125	
	2018	13	1	12	848	0.01415094	
	2018	13	2	3	406	0.007389163	
	2018	14	1	14	943	0.01484624	
	2018	14	2	2	563	0.003552398	
	2018	15	1	20	1213	0.01648805	
	2018	15	2	15	831	0.01805054	
	2018	16	1	26	1132	0.0229682	
	2018	16	2	8	851	0.009400705	
	2018	17	1	15	803	0.01867995	
	2018	17	2	15	682	0.02199413	
	2018	18	1	10	340	0.02941176	
	2018	18	2	6	335	0.01791045	
	2018	19	1	2	75	0.02666667	
	2018	19	2	3	76	0.03947368	
	2018	20	1	0	11	0	
	2018	20	2	0	8	0	
	2019	5	1	0	9	0	
	2019	5	2	0	1	0	
	2019	6	1	0	21	0	
	2019	6	2	0	4	0	
	2019	7	1	0	48	0	
	2019	7	2	0	13	0	
	2019	8	1	4	76	0.05263158	
	2019	8	2	1	17	0.05882353	
	2019	9	1	2	127	0.01574803	
	2019	9	2	1	45	0.02222222	
	2019	10	1	5	247	0.02024291	
	2019	10	2	1	84	0.01190476	
	2019	11	1	5	450	0.01111111	
	2019	11	2	2	199	0.01005025	
	2019	12	1	7	711	0.009845288	
	2019	12	2	4	290	0.0137931	
	2019	13	1	14	836	0.01674641	
	2019	13	2	6	426	0.01408451	
	2019	14	1	7	910	0.007692308	
	2019	14	2	5	519	0.009633911	
	2019	15	1	22	1133	0.01941748	
	2019	15	2	9	747	0.01204819	
	2019	16	1	30	1179	0.02544529	
	2019	16	2	11	833	0.01320528	
	2019	17	1	24	773	0.03104787	
	2019	17	2	7	624	0.01121795	
	2019	18	1	13	385	0.03376623	
	2019	18	2	8	375	0.02133333	
	2019	19	1	0	61	0	
	2019	19	2	3	71	0.04225352	
	2019	20	1	0	3	0	
	2019	20	2	0	11	0	
