
	E4_03_M Kolonresektionen bei kolorektalem Karzinom mit komplizierender Diagnose, Mortalität // Résections du côlon pour cancer colorectal avec diagnostic compliquant, mortalité // Resezioni del colon per carcinoma colorettale con diagnosi complicante, mortalità
	BAG/OFSP/UFSP - CH-IQI Version V5-2 - Daten 2019 - 21. April 2021

	Jahr	AltEGrp	Sex	DeathCH	CasesCH	pCH	
	2008	6	2	0	1	0	
	2008	7	1	0	2	0	
	2008	8	1	0	1	0	
	2008	9	1	0	1	0	
	2008	10	1	0	3	0	
	2008	10	2	0	2	0	
	2008	11	1	0	6	0	
	2008	11	2	0	6	0	
	2008	12	1	0	17	0	
	2008	12	2	1	3	0.3333333	
	2008	13	1	0	12	0	
	2008	13	2	0	6	0	
	2008	14	1	1	17	0.05882353	
	2008	14	2	1	9	0.1111111	
	2008	15	1	2	29	0.06896552	
	2008	15	2	0	20	0	
	2008	16	1	6	22	0.2727273	
	2008	16	2	4	20	0.2	
	2008	17	1	2	24	0.08333333	
	2008	17	2	4	27	0.1481481	
	2008	18	1	4	16	0.25	
	2008	18	2	3	21	0.1428571	
	2008	19	2	2	7	0.2857143	
	2008	20	1	1	2	0.5	
	2009	5	2	0	1	0	
	2009	9	1	0	2	0	
	2009	10	1	0	9	0	
	2009	10	2	0	2	0	
	2009	11	1	0	5	0	
	2009	11	2	0	6	0	
	2009	12	1	0	13	0	
	2009	12	2	0	4	0	
	2009	13	1	0	18	0	
	2009	13	2	0	15	0	
	2009	14	1	3	26	0.1153846	
	2009	14	2	2	14	0.1428571	
	2009	15	1	5	16	0.3125	
	2009	15	2	2	15	0.1333333	
	2009	16	1	2	29	0.06896552	
	2009	16	2	5	28	0.1785714	
	2009	17	1	7	27	0.2592593	
	2009	17	2	6	23	0.2608696	
	2009	18	1	8	18	0.4444444	
	2009	18	2	1	13	0.07692308	
	2009	19	1	1	5	0.2	
	2009	19	2	3	8	0.375	
	2009	20	2	0	1	0	
	2010	4	2	0	1	0	
	2010	6	1	0	1	0	
	2010	8	1	0	2	0	
	2010	8	2	0	4	0	
	2010	9	1	0	1	0	
	2010	10	1	0	1	0	
	2010	10	2	0	4	0	
	2010	11	1	0	5	0	
	2010	11	2	0	4	0	
	2010	12	1	1	15	0.06666667	
	2010	12	2	0	6	0	
	2010	13	1	1	16	0.0625	
	2010	13	2	1	11	0.09090909	
	2010	14	1	2	24	0.08333333	
	2010	14	2	1	9	0.1111111	
	2010	15	1	1	33	0.03030303	
	2010	15	2	1	35	0.02857143	
	2010	16	1	1	22	0.04545455	
	2010	16	2	2	17	0.1176471	
	2010	17	1	5	30	0.1666667	
	2010	17	2	3	22	0.1363636	
	2010	18	1	6	15	0.4	
	2010	18	2	3	15	0.2	
	2010	19	1	0	4	0	
	2010	19	2	4	6	0.6666667	
	2010	20	1	0	2	0	
	2010	20	2	0	1	0	
	2011	5	2	0	2	0	
	2011	6	2	0	1	0	
	2011	7	1	0	3	0	
	2011	9	1	0	4	0	
	2011	9	2	0	3	0	
	2011	10	1	0	5	0	
	2011	10	2	0	5	0	
	2011	11	1	0	6	0	
	2011	11	2	1	7	0.1428571	
	2011	12	1	0	9	0	
	2011	12	2	1	11	0.09090909	
	2011	13	1	1	17	0.05882353	
	2011	13	2	0	12	0	
	2011	14	1	4	25	0.16	
	2011	14	2	0	6	0	
	2011	15	1	5	35	0.1428571	
	2011	15	2	2	17	0.1176471	
	2011	16	1	4	45	0.08888889	
	2011	16	2	1	15	0.06666667	
	2011	17	1	3	24	0.125	
	2011	17	2	1	19	0.05263158	
	2011	18	1	6	24	0.25	
	2011	18	2	4	17	0.2352941	
	2011	19	1	4	6	0.6666667	
	2011	19	2	2	5	0.4	
	2011	20	2	0	1	0	
	2012	5	2	0	1	0	
	2012	6	2	0	1	0	
	2012	7	1	0	1	0	
	2012	7	2	0	1	0	
	2012	8	1	0	1	0	
	2012	8	2	0	1	0	
	2012	9	1	0	2	0	
	2012	9	2	0	1	0	
	2012	10	1	1	7	0.1428571	
	2012	10	2	2	6	0.3333333	
	2012	11	1	1	7	0.1428571	
	2012	11	2	0	4	0	
	2012	12	1	1	11	0.09090909	
	2012	12	2	0	5	0	
	2012	13	1	0	18	0	
	2012	13	2	1	16	0.0625	
	2012	14	1	0	28	0	
	2012	14	2	1	18	0.05555556	
	2012	15	1	2	25	0.08	
	2012	15	2	2	23	0.08695652	
	2012	16	1	2	31	0.06451613	
	2012	16	2	1	27	0.03703704	
	2012	17	1	3	23	0.1304348	
	2012	17	2	6	29	0.2068966	
	2012	18	1	3	15	0.2	
	2012	18	2	7	24	0.2916667	
	2012	19	1	2	7	0.2857143	
	2012	19	2	2	13	0.1538462	
	2013	6	2	0	1	0	
	2013	7	2	0	1	0	
	2013	8	1	0	1	0	
	2013	9	1	0	4	0	
	2013	9	2	0	1	0	
	2013	10	1	0	4	0	
	2013	10	2	1	1	1	
	2013	11	1	0	7	0	
	2013	11	2	0	8	0	
	2013	12	1	2	16	0.125	
	2013	12	2	0	13	0	
	2013	13	1	1	20	0.05	
	2013	13	2	0	13	0	
	2013	14	1	1	27	0.03703704	
	2013	14	2	1	29	0.03448276	
	2013	15	1	2	38	0.05263158	
	2013	15	2	1	21	0.04761905	
	2013	16	1	4	33	0.1212121	
	2013	16	2	2	24	0.08333333	
	2013	17	1	6	45	0.1333333	
	2013	17	2	2	23	0.08695652	
	2013	18	1	5	31	0.1612903	
	2013	18	2	1	24	0.04166667	
	2013	19	1	0	7	0	
	2013	19	2	2	8	0.25	
	2013	20	1	1	1	1	
	2013	20	2	1	2	0.5	
	2014	7	1	0	1	0	
	2014	8	1	0	1	0	
	2014	8	2	1	1	1	
	2014	9	1	0	3	0	
	2014	9	2	0	2	0	
	2014	10	1	0	9	0	
	2014	10	2	0	4	0	
	2014	11	1	0	16	0	
	2014	11	2	0	4	0	
	2014	12	1	0	17	0	
	2014	12	2	1	11	0.09090909	
	2014	13	1	3	24	0.125	
	2014	13	2	0	20	0	
	2014	14	1	1	30	0.03333333	
	2014	14	2	1	29	0.03448276	
	2014	15	1	5	49	0.1020408	
	2014	15	2	1	25	0.04	
	2014	16	1	4	29	0.137931	
	2014	16	2	1	27	0.03703704	
	2014	17	1	8	38	0.2105263	
	2014	17	2	7	39	0.1794872	
	2014	18	1	3	21	0.1428571	
	2014	18	2	2	24	0.08333333	
	2014	19	1	2	7	0.2857143	
	2014	19	2	1	9	0.1111111	
	2014	20	2	0	1	0	
	2015	5	2	0	2	0	
	2015	6	1	0	1	0	
	2015	7	2	0	1	0	
	2015	8	1	1	1	1	
	2015	8	2	0	2	0	
	2015	9	1	0	4	0	
	2015	9	2	0	4	0	
	2015	10	1	0	11	0	
	2015	10	2	0	5	0	
	2015	11	1	0	10	0	
	2015	11	2	0	4	0	
	2015	12	1	1	17	0.05882353	
	2015	12	2	0	6	0	
	2015	13	1	0	20	0	
	2015	13	2	0	16	0	
	2015	14	1	2	24	0.08333333	
	2015	14	2	1	19	0.05263158	
	2015	15	1	2	45	0.04444444	
	2015	15	2	3	27	0.1111111	
	2015	16	1	1	25	0.04	
	2015	16	2	0	23	0	
	2015	17	1	5	35	0.1428571	
	2015	17	2	6	33	0.1818182	
	2015	18	1	5	25	0.2	
	2015	18	2	3	28	0.1071429	
	2015	19	1	1	4	0.25	
	2015	19	2	2	15	0.1333333	
	2015	20	1	0	1	0	
	2015	20	2	0	2	0	
	2016	5	1	0	1	0	
	2016	6	1	0	1	0	
	2016	6	2	0	2	0	
	2016	8	1	0	2	0	
	2016	8	2	0	1	0	
	2016	9	1	0	1	0	
	2016	9	2	0	5	0	
	2016	10	1	1	6	0.1666667	
	2016	10	2	0	3	0	
	2016	11	1	0	9	0	
	2016	11	2	0	9	0	
	2016	12	1	0	16	0	
	2016	12	2	0	10	0	
	2016	13	1	0	21	0	
	2016	13	2	1	15	0.06666667	
	2016	14	1	0	41	0	
	2016	14	2	0	23	0	
	2016	15	1	2	31	0.06451613	
	2016	15	2	0	23	0	
	2016	16	1	0	30	0	
	2016	16	2	3	30	0.1	
	2016	17	1	7	51	0.1372549	
	2016	17	2	6	31	0.1935484	
	2016	18	1	3	24	0.125	
	2016	18	2	2	28	0.07142857	
	2016	19	1	1	5	0.2	
	2016	19	2	1	8	0.125	
	2016	20	1	0	1	0	
	2016	20	2	2	4	0.5	
	2017	6	1	0	1	0	
	2017	7	1	0	2	0	
	2017	8	1	0	4	0	
	2017	8	2	0	3	0	
	2017	9	1	0	4	0	
	2017	9	2	0	1	0	
	2017	10	1	0	3	0	
	2017	10	2	0	7	0	
	2017	11	1	0	11	0	
	2017	11	2	0	5	0	
	2017	12	1	0	13	0	
	2017	12	2	0	11	0	
	2017	13	1	1	25	0.04	
	2017	13	2	1	17	0.05882353	
	2017	14	1	2	29	0.06896552	
	2017	14	2	0	14	0	
	2017	15	1	3	41	0.07317073	
	2017	15	2	2	26	0.07692308	
	2017	16	1	7	39	0.1794872	
	2017	16	2	2	30	0.06666667	
	2017	17	1	4	32	0.125	
	2017	17	2	1	30	0.03333333	
	2017	18	1	5	30	0.1666667	
	2017	18	2	1	28	0.03571429	
	2017	19	1	3	13	0.2307692	
	2017	19	2	1	11	0.09090909	
	2017	20	1	1	2	0.5	
	2017	20	2	1	3	0.3333333	
	2018	6	1	0	2	0	
	2018	6	2	0	2	0	
	2018	7	1	0	2	0	
	2018	7	2	0	1	0	
	2018	8	1	0	1	0	
	2018	8	2	0	1	0	
	2018	9	1	0	2	0	
	2018	9	2	0	4	0	
	2018	10	1	0	5	0	
	2018	10	2	0	6	0	
	2018	11	1	1	10	0.1	
	2018	11	2	1	8	0.125	
	2018	12	1	0	18	0	
	2018	12	2	0	17	0	
	2018	13	1	2	20	0.1	
	2018	13	2	1	23	0.04347826	
	2018	14	1	0	35	0	
	2018	14	2	1	22	0.04545455	
	2018	15	1	2	35	0.05714286	
	2018	15	2	2	28	0.07142857	
	2018	16	1	4	42	0.0952381	
	2018	16	2	2	30	0.06666667	
	2018	17	1	6	37	0.1621622	
	2018	17	2	2	23	0.08695652	
	2018	18	1	5	28	0.1785714	
	2018	18	2	6	32	0.1875	
	2018	19	1	0	4	0	
	2018	19	2	1	14	0.07142857	
	2018	20	1	0	1	0	
	2018	20	2	0	3	0	
	2019	4	2	0	1	0	
	2019	6	1	0	2	0	
	2019	7	1	0	4	0	
	2019	7	2	0	4	0	
	2019	8	1	0	4	0	
	2019	8	2	0	3	0	
	2019	9	1	0	6	0	
	2019	9	2	0	3	0	
	2019	10	1	0	6	0	
	2019	10	2	0	9	0	
	2019	11	1	0	12	0	
	2019	11	2	0	14	0	
	2019	12	1	0	24	0	
	2019	12	2	0	15	0	
	2019	13	1	1	24	0.04166667	
	2019	13	2	0	25	0	
	2019	14	1	1	32	0.03125	
	2019	14	2	2	19	0.1052632	
	2019	15	1	3	48	0.0625	
	2019	15	2	1	27	0.03703704	
	2019	16	1	2	41	0.04878049	
	2019	16	2	0	37	0	
	2019	17	1	4	44	0.09090909	
	2019	17	2	2	44	0.04545455	
	2019	18	1	4	30	0.1333333	
	2019	18	2	3	35	0.08571429	
	2019	19	1	2	9	0.2222222	
	2019	19	2	2	11	0.1818182	
	2019	20	2	0	1	0	
