
	F2_08_M Resektion/Ersatz der abdominalen Aorta ohne Aneurysma, OP offen, Mortalität // Résection/remplacement de l'aorte abdominale sans anévrisme, OP à ciel ouvert, mortalité // Resezione/sostituzione dell'aorta addominale senza aneurisma, OP a cielo aperto, mortalità
	BAG/OFSP/UFSP - CH-IQI Version V5-2 - Daten 2019 - 21. April 2021

	Jahr	AltEGrp	Sex	DeathCH	CasesCH	pCH	
	2008	1	1	0	1	0	
	2008	10	1	1	2	0.5	
	2008	11	1	0	4	0	
	2008	11	2	0	1	0	
	2008	12	1	1	5	0.2	
	2008	13	1	0	11	0	
	2008	13	2	0	3	0	
	2008	14	1	1	7	0.1428571	
	2008	14	2	0	3	0	
	2008	15	1	1	3	0.3333333	
	2008	15	2	0	5	0	
	2008	16	1	0	4	0	
	2008	16	2	0	2	0	
	2008	17	1	0	2	0	
	2008	17	2	0	1	0	
	2008	18	1	0	1	0	
	2008	18	2	1	2	0.5	
	2009	5	1	0	1	0	
	2009	10	1	0	4	0	
	2009	10	2	0	1	0	
	2009	11	1	0	1	0	
	2009	11	2	0	2	0	
	2009	12	1	0	3	0	
	2009	13	1	0	6	0	
	2009	13	2	0	2	0	
	2009	14	1	1	5	0.2	
	2009	14	2	0	5	0	
	2009	15	1	0	10	0	
	2009	15	2	2	4	0.5	
	2009	16	1	0	4	0	
	2009	16	2	0	1	0	
	2010	1	1	0	1	0	
	2010	7	1	0	1	0	
	2010	8	1	0	2	0	
	2010	8	2	0	1	0	
	2010	9	1	0	1	0	
	2010	9	2	0	1	0	
	2010	10	1	0	4	0	
	2010	10	2	0	1	0	
	2010	11	1	0	1	0	
	2010	11	2	0	1	0	
	2010	12	1	1	6	0.1666667	
	2010	12	2	0	1	0	
	2010	13	1	0	8	0	
	2010	13	2	0	2	0	
	2010	14	1	0	3	0	
	2010	14	2	0	1	0	
	2010	15	1	1	7	0.1428571	
	2010	16	1	0	5	0	
	2010	16	2	0	1	0	
	2010	18	1	0	2	0	
	2011	1	1	0	3	0	
	2011	1	2	0	1	0	
	2011	2	2	0	1	0	
	2011	8	1	0	1	0	
	2011	9	1	0	1	0	
	2011	10	1	0	2	0	
	2011	11	1	0	4	0	
	2011	11	2	0	4	0	
	2011	12	1	2	5	0.4	
	2011	12	2	0	2	0	
	2011	13	1	1	6	0.1666667	
	2011	13	2	0	2	0	
	2011	14	1	0	11	0	
	2011	15	1	0	4	0	
	2011	16	1	1	5	0.2	
	2011	17	1	0	1	0	
	2011	18	1	0	1	0	
	2012	1	1	1	12	0.08333333	
	2012	1	2	0	4	0	
	2012	3	1	0	1	0	
	2012	4	1	0	1	0	
	2012	8	1	0	2	0	
	2012	10	1	0	1	0	
	2012	11	1	0	3	0	
	2012	12	1	0	5	0	
	2012	12	2	0	2	0	
	2012	13	1	1	9	0.1111111	
	2012	13	2	0	1	0	
	2012	14	1	0	5	0	
	2012	14	2	0	3	0	
	2012	15	1	0	3	0	
	2012	15	2	0	1	0	
	2012	16	1	0	1	0	
	2012	16	2	0	1	0	
	2012	17	2	0	2	0	
	2012	18	1	0	1	0	
	2013	1	1	0	9	0	
	2013	1	2	0	3	0	
	2013	2	1	0	1	0	
	2013	4	2	0	1	0	
	2013	9	1	0	2	0	
	2013	9	2	0	1	0	
	2013	10	1	0	2	0	
	2013	10	2	0	1	0	
	2013	11	1	0	6	0	
	2013	11	2	0	3	0	
	2013	12	1	0	7	0	
	2013	12	2	0	1	0	
	2013	13	1	0	6	0	
	2013	13	2	0	4	0	
	2013	14	1	0	7	0	
	2013	14	2	0	3	0	
	2013	15	1	0	9	0	
	2013	15	2	0	5	0	
	2013	16	1	0	2	0	
	2013	17	1	1	4	0.25	
	2013	20	1	0	1	0	
	2014	1	1	0	2	0	
	2014	1	2	0	1	0	
	2014	6	1	0	1	0	
	2014	8	1	1	3	0.3333333	
	2014	10	1	0	2	0	
	2014	11	1	2	7	0.2857143	
	2014	12	1	1	5	0.2	
	2014	12	2	0	3	0	
	2014	13	1	0	3	0	
	2014	13	2	0	1	0	
	2014	14	1	0	5	0	
	2014	14	2	0	5	0	
	2014	15	1	0	5	0	
	2014	15	2	0	2	0	
	2014	16	1	1	2	0.5	
	2014	17	2	1	3	0.3333333	
	2014	19	1	1	1	1	
	2015	8	1	0	1	0	
	2015	9	1	0	1	0	
	2015	9	2	0	1	0	
	2015	10	1	0	3	0	
	2015	10	2	0	1	0	
	2015	11	1	0	3	0	
	2015	11	2	0	3	0	
	2015	12	1	0	5	0	
	2015	12	2	0	3	0	
	2015	13	1	0	3	0	
	2015	13	2	0	3	0	
	2015	14	1	0	4	0	
	2015	14	2	0	4	0	
	2015	15	1	0	6	0	
	2015	16	1	0	4	0	
	2015	16	2	0	2	0	
	2015	18	1	0	1	0	
	2016	6	1	0	1	0	
	2016	7	1	0	1	0	
	2016	8	1	0	1	0	
	2016	9	1	0	1	0	
	2016	10	1	1	7	0.1428571	
	2016	11	1	0	8	0	
	2016	12	1	0	9	0	
	2016	12	2	0	1	0	
	2016	13	1	1	8	0.125	
	2016	13	2	0	5	0	
	2016	14	1	1	10	0.1	
	2016	14	2	0	2	0	
	2016	15	1	0	6	0	
	2016	15	2	0	2	0	
	2016	16	1	0	5	0	
	2016	17	1	1	4	0.25	
	2016	18	1	0	1	0	
	2017	2	2	0	1	0	
	2017	5	1	0	1	0	
	2017	6	1	0	1	0	
	2017	9	2	0	1	0	
	2017	10	1	0	4	0	
	2017	10	2	0	1	0	
	2017	11	1	0	9	0	
	2017	11	2	0	2	0	
	2017	12	1	1	6	0.1666667	
	2017	12	2	0	1	0	
	2017	13	1	0	14	0	
	2017	13	2	0	2	0	
	2017	14	1	1	7	0.1428571	
	2017	14	2	0	1	0	
	2017	15	1	1	7	0.1428571	
	2017	15	2	0	3	0	
	2017	16	1	0	3	0	
	2017	17	2	0	2	0	
	2017	18	1	0	2	0	
	2017	19	2	0	1	0	
	2018	1	1	0	1	0	
	2018	8	1	0	3	0	
	2018	9	1	0	2	0	
	2018	10	1	0	3	0	
	2018	10	2	0	1	0	
	2018	11	1	0	4	0	
	2018	12	1	0	9	0	
	2018	12	2	1	4	0.25	
	2018	13	1	0	7	0	
	2018	13	2	0	2	0	
	2018	14	1	1	9	0.1111111	
	2018	14	2	1	4	0.25	
	2018	15	1	0	4	0	
	2018	15	2	0	4	0	
	2018	16	1	0	6	0	
	2018	17	1	0	2	0	
	2018	18	1	0	1	0	
	2019	1	1	0	1	0	
	2019	1	2	0	1	0	
	2019	5	1	0	1	0	
	2019	8	1	0	1	0	
	2019	9	1	0	2	0	
	2019	10	1	0	3	0	
	2019	10	2	0	2	0	
	2019	11	1	0	4	0	
	2019	11	2	0	3	0	
	2019	12	1	1	7	0.1428571	
	2019	12	2	0	2	0	
	2019	13	1	0	9	0	
	2019	13	2	1	1	1	
	2019	14	1	0	5	0	
	2019	14	2	0	4	0	
	2019	15	1	1	13	0.07692308	
	2019	15	2	0	5	0	
	2019	16	1	0	6	0	
	2019	16	2	0	1	0	
	2019	17	1	0	2	0	
