
	D4_05_M Pleurektomie, Mortalität // Pleurectomie, mortalité // Pleurectomia, mortalità
	BAG/OFSP/UFSP - CH-IQI Version V5-2 - Daten 2019 - 21. April 2021

	Jahr	AltEGrp	Sex	DeathCH	CasesCH	pCH	
	2008	1	1	1	7	0.1428571	
	2008	1	2	0	5	0	
	2008	2	1	0	4	0	
	2008	2	2	0	1	0	
	2008	3	1	0	1	0	
	2008	3	2	0	1	0	
	2008	4	1	0	25	0	
	2008	4	2	0	6	0	
	2008	5	1	0	27	0	
	2008	5	2	0	10	0	
	2008	6	1	0	18	0	
	2008	6	2	0	6	0	
	2008	7	1	0	21	0	
	2008	7	2	0	14	0	
	2008	8	1	0	16	0	
	2008	8	2	0	7	0	
	2008	9	1	0	16	0	
	2008	9	2	0	24	0	
	2008	10	1	2	31	0.06451613	
	2008	10	2	1	14	0.07142857	
	2008	11	1	0	32	0	
	2008	11	2	1	18	0.05555556	
	2008	12	1	1	42	0.02380952	
	2008	12	2	1	28	0.03571429	
	2008	13	1	6	60	0.1	
	2008	13	2	0	25	0	
	2008	14	1	4	46	0.08695652	
	2008	14	2	1	25	0.04	
	2008	15	1	8	45	0.1777778	
	2008	15	2	4	23	0.173913	
	2008	16	1	3	49	0.06122449	
	2008	16	2	2	20	0.1	
	2008	17	1	2	43	0.04651163	
	2008	17	2	3	19	0.1578947	
	2008	18	1	3	7	0.4285714	
	2008	18	2	1	8	0.125	
	2008	19	1	0	1	0	
	2009	1	1	0	2	0	
	2009	1	2	0	7	0	
	2009	2	2	0	3	0	
	2009	3	2	0	1	0	
	2009	4	1	0	24	0	
	2009	4	2	0	1	0	
	2009	5	1	0	24	0	
	2009	5	2	0	10	0	
	2009	6	1	0	29	0	
	2009	6	2	0	14	0	
	2009	7	1	0	20	0	
	2009	7	2	0	11	0	
	2009	8	1	0	15	0	
	2009	8	2	0	10	0	
	2009	9	1	0	21	0	
	2009	9	2	0	19	0	
	2009	10	1	0	27	0	
	2009	10	2	0	16	0	
	2009	11	1	3	37	0.08108108	
	2009	11	2	1	16	0.0625	
	2009	12	1	3	42	0.07142857	
	2009	12	2	1	20	0.05	
	2009	13	1	2	41	0.04878049	
	2009	13	2	0	12	0	
	2009	14	1	1	51	0.01960784	
	2009	14	2	2	29	0.06896552	
	2009	15	1	4	51	0.07843137	
	2009	15	2	2	29	0.06896552	
	2009	16	1	8	50	0.16	
	2009	16	2	4	20	0.2	
	2009	17	1	0	13	0	
	2009	17	2	2	16	0.125	
	2009	18	1	1	9	0.1111111	
	2009	18	2	2	9	0.2222222	
	2009	19	1	1	1	1	
	2010	1	1	0	6	0	
	2010	1	2	0	6	0	
	2010	2	1	0	2	0	
	2010	2	2	0	1	0	
	2010	3	1	0	1	0	
	2010	4	1	0	26	0	
	2010	4	2	0	9	0	
	2010	5	1	0	26	0	
	2010	5	2	0	9	0	
	2010	6	1	0	23	0	
	2010	6	2	0	9	0	
	2010	7	1	0	16	0	
	2010	7	2	0	10	0	
	2010	8	1	0	17	0	
	2010	8	2	0	9	0	
	2010	9	1	1	24	0.04166667	
	2010	9	2	0	12	0	
	2010	10	1	1	37	0.02702703	
	2010	10	2	0	13	0	
	2010	11	1	0	31	0	
	2010	11	2	0	20	0	
	2010	12	1	1	51	0.01960784	
	2010	12	2	3	20	0.15	
	2010	13	1	3	78	0.03846154	
	2010	13	2	1	27	0.03703704	
	2010	14	1	1	49	0.02040816	
	2010	14	2	0	21	0	
	2010	15	1	3	35	0.08571429	
	2010	15	2	5	22	0.2272727	
	2010	16	1	7	48	0.1458333	
	2010	16	2	2	27	0.07407407	
	2010	17	1	6	19	0.3157895	
	2010	17	2	1	17	0.05882353	
	2010	18	1	3	11	0.2727273	
	2010	18	2	0	4	0	
	2010	19	2	1	2	0.5	
	2011	1	1	0	7	0	
	2011	1	2	0	3	0	
	2011	2	1	0	2	0	
	2011	2	2	0	1	0	
	2011	3	2	0	3	0	
	2011	4	1	0	27	0	
	2011	4	2	0	6	0	
	2011	5	1	0	23	0	
	2011	5	2	0	5	0	
	2011	6	1	0	18	0	
	2011	6	2	0	8	0	
	2011	7	1	0	16	0	
	2011	7	2	0	11	0	
	2011	8	1	0	19	0	
	2011	8	2	0	9	0	
	2011	9	1	0	25	0	
	2011	9	2	2	9	0.2222222	
	2011	10	1	2	38	0.05263158	
	2011	10	2	0	13	0	
	2011	11	1	1	33	0.03030303	
	2011	11	2	2	17	0.1176471	
	2011	12	1	2	34	0.05882353	
	2011	12	2	0	16	0	
	2011	13	1	9	69	0.1304348	
	2011	13	2	3	20	0.15	
	2011	14	1	4	72	0.05555556	
	2011	14	2	0	25	0	
	2011	15	1	8	57	0.1403509	
	2011	15	2	3	23	0.1304348	
	2011	16	1	4	40	0.1	
	2011	16	2	1	19	0.05263158	
	2011	17	1	5	33	0.1515152	
	2011	17	2	1	13	0.07692308	
	2011	18	1	0	9	0	
	2011	18	2	1	3	0.3333333	
	2011	19	2	0	1	0	
	2012	1	1	0	2	0	
	2012	1	2	0	4	0	
	2012	2	2	0	1	0	
	2012	4	1	0	24	0	
	2012	4	2	0	5	0	
	2012	5	1	0	28	0	
	2012	5	2	0	6	0	
	2012	6	1	0	29	0	
	2012	6	2	0	10	0	
	2012	7	1	0	20	0	
	2012	7	2	0	10	0	
	2012	8	1	0	19	0	
	2012	8	2	2	8	0.25	
	2012	9	1	0	30	0	
	2012	9	2	0	11	0	
	2012	10	1	0	34	0	
	2012	10	2	0	16	0	
	2012	11	1	0	32	0	
	2012	11	2	0	20	0	
	2012	12	1	1	42	0.02380952	
	2012	12	2	3	28	0.1071429	
	2012	13	1	5	63	0.07936508	
	2012	13	2	1	23	0.04347826	
	2012	14	1	9	65	0.1384615	
	2012	14	2	3	35	0.08571429	
	2012	15	1	5	47	0.106383	
	2012	15	2	2	26	0.07692308	
	2012	16	1	5	44	0.1136364	
	2012	16	2	2	20	0.1	
	2012	17	1	7	34	0.2058824	
	2012	17	2	1	19	0.05263158	
	2012	18	1	1	9	0.1111111	
	2012	18	2	1	8	0.125	
	2012	19	1	1	3	0.3333333	
	2013	1	1	0	3	0	
	2013	1	2	0	5	0	
	2013	2	1	0	2	0	
	2013	3	1	0	3	0	
	2013	3	2	0	2	0	
	2013	4	1	0	18	0	
	2013	4	2	1	6	0.1666667	
	2013	5	1	0	19	0	
	2013	5	2	0	5	0	
	2013	6	1	0	24	0	
	2013	6	2	0	6	0	
	2013	7	1	1	15	0.06666667	
	2013	7	2	0	8	0	
	2013	8	1	0	23	0	
	2013	8	2	0	12	0	
	2013	9	1	0	22	0	
	2013	9	2	0	14	0	
	2013	10	1	0	28	0	
	2013	10	2	1	9	0.1111111	
	2013	11	1	4	35	0.1142857	
	2013	11	2	2	18	0.1111111	
	2013	12	1	3	46	0.06521739	
	2013	12	2	0	22	0	
	2013	13	1	6	61	0.09836066	
	2013	13	2	1	20	0.05	
	2013	14	1	8	79	0.1012658	
	2013	14	2	4	27	0.1481481	
	2013	15	1	4	56	0.07142857	
	2013	15	2	2	38	0.05263158	
	2013	16	1	4	56	0.07142857	
	2013	16	2	1	22	0.04545455	
	2013	17	1	4	31	0.1290323	
	2013	17	2	2	13	0.1538462	
	2013	18	1	3	10	0.3	
	2013	18	2	2	10	0.2	
	2013	19	1	2	3	0.6666667	
	2013	19	2	0	1	0	
	2014	1	1	0	1	0	
	2014	1	2	1	5	0.2	
	2014	2	1	0	5	0	
	2014	2	2	0	1	0	
	2014	3	1	0	2	0	
	2014	3	2	0	1	0	
	2014	4	1	0	15	0	
	2014	4	2	1	3	0.3333333	
	2014	5	1	0	20	0	
	2014	5	2	0	3	0	
	2014	6	1	0	17	0	
	2014	6	2	0	10	0	
	2014	7	1	0	21	0	
	2014	7	2	0	8	0	
	2014	8	1	1	21	0.04761905	
	2014	8	2	0	12	0	
	2014	9	1	0	24	0	
	2014	9	2	0	11	0	
	2014	10	1	1	46	0.02173913	
	2014	10	2	0	11	0	
	2014	11	1	2	38	0.05263158	
	2014	11	2	1	20	0.05	
	2014	12	1	5	64	0.078125	
	2014	12	2	1	28	0.03571429	
	2014	13	1	5	57	0.0877193	
	2014	13	2	0	25	0	
	2014	14	1	3	76	0.03947368	
	2014	14	2	1	25	0.04	
	2014	15	1	11	76	0.1447368	
	2014	15	2	3	28	0.1071429	
	2014	16	1	4	43	0.09302326	
	2014	16	2	1	21	0.04761905	
	2014	17	1	6	42	0.1428571	
	2014	17	2	1	18	0.05555556	
	2014	18	1	2	13	0.1538462	
	2014	18	2	1	12	0.08333333	
	2014	19	1	1	1	1	
	2015	1	1	0	1	0	
	2015	1	2	0	5	0	
	2015	3	2	0	1	0	
	2015	4	1	0	21	0	
	2015	4	2	0	3	0	
	2015	5	1	0	17	0	
	2015	5	2	0	10	0	
	2015	6	1	0	20	0	
	2015	6	2	0	7	0	
	2015	7	1	1	28	0.03571429	
	2015	7	2	0	7	0	
	2015	8	1	1	19	0.05263158	
	2015	8	2	0	7	0	
	2015	9	1	0	32	0	
	2015	9	2	0	16	0	
	2015	10	1	2	27	0.07407407	
	2015	10	2	2	21	0.0952381	
	2015	11	1	2	55	0.03636364	
	2015	11	2	0	17	0	
	2015	12	1	3	59	0.05084746	
	2015	12	2	1	26	0.03846154	
	2015	13	1	2	63	0.03174603	
	2015	13	2	1	34	0.02941176	
	2015	14	1	10	78	0.1282051	
	2015	14	2	1	30	0.03333333	
	2015	15	1	7	70	0.1	
	2015	15	2	4	30	0.1333333	
	2015	16	1	5	61	0.08196721	
	2015	16	2	1	20	0.05	
	2015	17	1	6	44	0.1363636	
	2015	17	2	1	13	0.07692308	
	2015	18	1	2	10	0.2	
	2015	18	2	3	9	0.3333333	
	2015	19	1	2	6	0.3333333	
	2015	19	2	0	1	0	
	2016	1	1	0	3	0	
	2016	1	2	0	8	0	
	2016	2	1	0	2	0	
	2016	2	2	0	4	0	
	2016	3	2	0	2	0	
	2016	4	1	0	23	0	
	2016	5	1	0	15	0	
	2016	5	2	0	4	0	
	2016	6	1	0	19	0	
	2016	6	2	0	8	0	
	2016	7	1	0	27	0	
	2016	7	2	0	12	0	
	2016	8	1	0	25	0	
	2016	8	2	0	12	0	
	2016	9	1	0	30	0	
	2016	9	2	1	14	0.07142857	
	2016	10	1	1	34	0.02941176	
	2016	10	2	0	13	0	
	2016	11	1	2	49	0.04081633	
	2016	11	2	2	35	0.05714286	
	2016	12	1	2	67	0.02985075	
	2016	12	2	1	19	0.05263158	
	2016	13	1	1	77	0.01298701	
	2016	13	2	2	33	0.06060606	
	2016	14	1	2	83	0.02409639	
	2016	14	2	3	24	0.125	
	2016	15	1	5	72	0.06944444	
	2016	15	2	1	33	0.03030303	
	2016	16	1	6	57	0.1052632	
	2016	16	2	2	27	0.07407407	
	2016	17	1	7	43	0.1627907	
	2016	17	2	1	20	0.05	
	2016	18	1	2	17	0.1176471	
	2016	18	2	1	6	0.1666667	
	2016	19	1	1	4	0.25	
	2016	19	2	0	5	0	
	2016	20	1	0	1	0	
	2016	20	2	1	1	1	
	2017	1	1	0	4	0	
	2017	1	2	0	2	0	
	2017	2	2	0	1	0	
	2017	3	1	0	1	0	
	2017	3	2	0	2	0	
	2017	4	1	0	17	0	
	2017	4	2	0	6	0	
	2017	5	1	0	21	0	
	2017	5	2	0	3	0	
	2017	6	1	0	23	0	
	2017	6	2	0	7	0	
	2017	7	1	0	21	0	
	2017	7	2	0	7	0	
	2017	8	1	0	21	0	
	2017	8	2	0	14	0	
	2017	9	1	0	20	0	
	2017	9	2	1	9	0.1111111	
	2017	10	1	0	22	0	
	2017	10	2	0	15	0	
	2017	11	1	0	45	0	
	2017	11	2	1	24	0.04166667	
	2017	12	1	7	61	0.1147541	
	2017	12	2	1	27	0.03703704	
	2017	13	1	5	76	0.06578947	
	2017	13	2	1	29	0.03448276	
	2017	14	1	6	75	0.08	
	2017	14	2	0	35	0	
	2017	15	1	5	98	0.05102041	
	2017	15	2	3	45	0.06666667	
	2017	16	1	10	82	0.1219512	
	2017	16	2	2	30	0.06666667	
	2017	17	1	4	30	0.1333333	
	2017	17	2	2	22	0.09090909	
	2017	18	1	7	18	0.3888889	
	2017	18	2	0	11	0	
	2017	19	1	0	1	0	
	2017	19	2	0	3	0	
	2017	20	1	0	1	0	
	2018	1	1	0	4	0	
	2018	1	2	0	4	0	
	2018	2	1	0	3	0	
	2018	2	2	0	5	0	
	2018	3	1	0	5	0	
	2018	3	2	0	2	0	
	2018	4	1	0	18	0	
	2018	4	2	0	3	0	
	2018	5	1	0	20	0	
	2018	5	2	0	6	0	
	2018	6	1	0	18	0	
	2018	6	2	0	4	0	
	2018	7	1	0	14	0	
	2018	7	2	0	6	0	
	2018	8	1	0	20	0	
	2018	8	2	0	11	0	
	2018	9	1	0	23	0	
	2018	9	2	0	13	0	
	2018	10	1	0	30	0	
	2018	10	2	1	19	0.05263158	
	2018	11	1	0	46	0	
	2018	11	2	1	23	0.04347826	
	2018	12	1	3	71	0.04225352	
	2018	12	2	0	22	0	
	2018	13	1	4	72	0.05555556	
	2018	13	2	4	37	0.1081081	
	2018	14	1	5	95	0.05263158	
	2018	14	2	4	52	0.07692308	
	2018	15	1	3	99	0.03030303	
	2018	15	2	0	42	0	
	2018	16	1	7	70	0.1	
	2018	16	2	3	39	0.07692308	
	2018	17	1	4	51	0.07843137	
	2018	17	2	5	24	0.2083333	
	2018	18	1	0	17	0	
	2018	18	2	2	14	0.1428571	
	2018	19	1	1	2	0.5	
	2018	19	2	0	4	0	
	2019	1	1	0	3	0	
	2019	1	2	0	3	0	
	2019	2	2	0	4	0	
	2019	3	1	0	6	0	
	2019	4	1	0	21	0	
	2019	4	2	0	8	0	
	2019	5	1	0	21	0	
	2019	5	2	0	4	0	
	2019	6	1	0	15	0	
	2019	6	2	0	5	0	
	2019	7	1	0	17	0	
	2019	7	2	0	11	0	
	2019	8	1	0	26	0	
	2019	8	2	0	10	0	
	2019	9	1	0	26	0	
	2019	9	2	0	8	0	
	2019	10	1	0	36	0	
	2019	10	2	0	19	0	
	2019	11	1	1	43	0.02325581	
	2019	11	2	0	20	0	
	2019	12	1	4	74	0.05405405	
	2019	12	2	0	28	0	
	2019	13	1	3	70	0.04285714	
	2019	13	2	1	35	0.02857143	
	2019	14	1	4	87	0.04597701	
	2019	14	2	2	35	0.05714286	
	2019	15	1	9	97	0.09278351	
	2019	15	2	3	39	0.07692308	
	2019	16	1	9	78	0.1153846	
	2019	16	2	1	43	0.02325581	
	2019	17	1	4	54	0.07407407	
	2019	17	2	0	30	0	
	2019	18	1	2	12	0.1666667	
	2019	18	2	3	13	0.2307692	
	2019	19	1	1	7	0.1428571	
	2019	19	2	0	4	0	
