
	E4_13_M Kolorektale Resektionen bei Colitis ulcerosa oder Morbus Crohn, Mortalität // Résections colorectales pour colite ulcéreuse ou maladie de Crohn, mortalité // Resezione colorettale per colite ulcerosa o morbo di Crohn, mortalità
	BAG/OFSP/UFSP - CH-IQI Version V5-2 - Daten 2019 - 21. April 2021

	Jahr	AltEGrp	Sex	DeathCH	CasesCH	pCH	
	2008	3	2	0	2	0	
	2008	4	1	0	3	0	
	2008	4	2	0	1	0	
	2008	5	1	0	5	0	
	2008	5	2	0	9	0	
	2008	6	1	0	17	0	
	2008	6	2	0	15	0	
	2008	7	1	0	16	0	
	2008	7	2	0	11	0	
	2008	8	1	0	11	0	
	2008	8	2	0	8	0	
	2008	9	1	0	14	0	
	2008	9	2	0	11	0	
	2008	10	1	0	12	0	
	2008	10	2	0	19	0	
	2008	11	1	0	10	0	
	2008	11	2	0	14	0	
	2008	12	1	0	12	0	
	2008	12	2	0	8	0	
	2008	13	1	0	8	0	
	2008	13	2	0	9	0	
	2008	14	1	0	7	0	
	2008	14	2	0	2	0	
	2008	15	1	0	4	0	
	2008	15	2	0	10	0	
	2008	16	1	0	5	0	
	2008	16	2	2	6	0.3333333	
	2008	17	1	1	4	0.25	
	2008	17	2	1	4	0.25	
	2008	18	1	0	1	0	
	2008	18	2	1	2	0.5	
	2009	2	1	0	1	0	
	2009	3	2	0	2	0	
	2009	4	1	0	6	0	
	2009	4	2	0	8	0	
	2009	5	1	1	16	0.0625	
	2009	5	2	0	9	0	
	2009	6	1	0	16	0	
	2009	6	2	0	9	0	
	2009	7	1	0	9	0	
	2009	7	2	0	10	0	
	2009	8	1	0	14	0	
	2009	8	2	0	14	0	
	2009	9	1	0	10	0	
	2009	9	2	0	10	0	
	2009	10	1	0	12	0	
	2009	10	2	0	10	0	
	2009	11	1	0	8	0	
	2009	11	2	0	6	0	
	2009	12	1	0	7	0	
	2009	12	2	1	12	0.08333333	
	2009	13	1	0	10	0	
	2009	13	2	0	13	0	
	2009	14	1	0	8	0	
	2009	14	2	0	4	0	
	2009	15	1	1	5	0.2	
	2009	15	2	0	7	0	
	2009	16	1	0	5	0	
	2009	16	2	0	8	0	
	2009	17	2	1	6	0.1666667	
	2009	18	2	1	2	0.5	
	2010	4	1	0	5	0	
	2010	4	2	0	1	0	
	2010	5	1	0	7	0	
	2010	5	2	0	12	0	
	2010	6	1	0	12	0	
	2010	6	2	0	11	0	
	2010	7	1	0	18	0	
	2010	7	2	0	9	0	
	2010	8	1	1	12	0.08333333	
	2010	8	2	0	9	0	
	2010	9	1	0	10	0	
	2010	9	2	0	9	0	
	2010	10	1	0	14	0	
	2010	10	2	0	23	0	
	2010	11	1	0	13	0	
	2010	11	2	0	13	0	
	2010	12	1	0	12	0	
	2010	12	2	0	9	0	
	2010	13	1	0	9	0	
	2010	13	2	0	5	0	
	2010	14	1	0	8	0	
	2010	14	2	1	9	0.1111111	
	2010	15	1	0	5	0	
	2010	15	2	1	7	0.1428571	
	2010	16	1	0	1	0	
	2010	16	2	2	8	0.25	
	2010	17	1	0	1	0	
	2010	17	2	0	4	0	
	2010	19	1	0	1	0	
	2011	1	2	0	1	0	
	2011	3	2	0	1	0	
	2011	4	1	0	6	0	
	2011	4	2	0	7	0	
	2011	5	1	0	9	0	
	2011	5	2	0	7	0	
	2011	6	1	0	9	0	
	2011	6	2	0	18	0	
	2011	7	1	0	11	0	
	2011	7	2	0	14	0	
	2011	8	1	0	13	0	
	2011	8	2	0	16	0	
	2011	9	1	0	7	0	
	2011	9	2	1	11	0.09090909	
	2011	10	1	0	12	0	
	2011	10	2	0	16	0	
	2011	11	1	2	10	0.2	
	2011	11	2	0	20	0	
	2011	12	1	0	11	0	
	2011	12	2	0	12	0	
	2011	13	1	0	9	0	
	2011	13	2	0	7	0	
	2011	14	1	0	5	0	
	2011	14	2	0	10	0	
	2011	15	1	0	9	0	
	2011	15	2	0	8	0	
	2011	16	1	1	3	0.3333333	
	2011	16	2	1	7	0.1428571	
	2011	17	1	2	3	0.6666667	
	2011	17	2	1	1	1	
	2011	18	1	0	2	0	
	2012	4	1	0	11	0	
	2012	4	2	0	5	0	
	2012	5	1	0	11	0	
	2012	5	2	0	10	0	
	2012	6	1	0	14	0	
	2012	6	2	0	9	0	
	2012	7	1	0	18	0	
	2012	7	2	0	13	0	
	2012	8	1	0	15	0	
	2012	8	2	0	8	0	
	2012	9	1	0	13	0	
	2012	9	2	0	18	0	
	2012	10	1	0	16	0	
	2012	10	2	0	11	0	
	2012	11	1	0	11	0	
	2012	11	2	0	14	0	
	2012	12	1	0	13	0	
	2012	12	2	0	10	0	
	2012	13	1	1	7	0.1428571	
	2012	13	2	1	10	0.1	
	2012	14	1	1	7	0.1428571	
	2012	14	2	1	10	0.1	
	2012	15	1	0	3	0	
	2012	15	2	2	10	0.2	
	2012	16	1	1	7	0.1428571	
	2012	16	2	1	9	0.1111111	
	2012	17	1	1	5	0.2	
	2012	17	2	1	5	0.2	
	2012	18	2	1	4	0.25	
	2012	19	1	0	1	0	
	2012	19	2	0	1	0	
	2013	4	1	0	2	0	
	2013	4	2	0	4	0	
	2013	5	1	0	12	0	
	2013	5	2	0	15	0	
	2013	6	1	0	23	0	
	2013	6	2	0	11	0	
	2013	7	1	0	11	0	
	2013	7	2	0	18	0	
	2013	8	1	0	11	0	
	2013	8	2	0	9	0	
	2013	9	1	0	11	0	
	2013	9	2	0	15	0	
	2013	10	1	0	16	0	
	2013	10	2	0	6	0	
	2013	11	1	1	15	0.06666667	
	2013	11	2	0	7	0	
	2013	12	1	1	12	0.08333333	
	2013	12	2	0	13	0	
	2013	13	1	0	13	0	
	2013	13	2	1	15	0.06666667	
	2013	14	1	0	10	0	
	2013	14	2	1	10	0.1	
	2013	15	1	1	5	0.2	
	2013	15	2	1	10	0.1	
	2013	16	1	0	5	0	
	2013	16	2	1	11	0.09090909	
	2013	17	1	1	4	0.25	
	2013	17	2	1	5	0.2	
	2013	18	2	0	1	0	
	2014	3	1	0	1	0	
	2014	3	2	0	1	0	
	2014	4	1	0	5	0	
	2014	4	2	0	4	0	
	2014	5	1	0	10	0	
	2014	5	2	0	6	0	
	2014	6	1	0	15	0	
	2014	6	2	0	18	0	
	2014	7	1	0	18	0	
	2014	7	2	0	19	0	
	2014	8	1	0	16	0	
	2014	8	2	0	8	0	
	2014	9	1	0	10	0	
	2014	9	2	0	14	0	
	2014	10	1	0	11	0	
	2014	10	2	0	15	0	
	2014	11	1	0	20	0	
	2014	11	2	1	15	0.06666667	
	2014	12	1	0	6	0	
	2014	12	2	0	11	0	
	2014	13	1	0	8	0	
	2014	13	2	0	7	0	
	2014	14	1	0	8	0	
	2014	14	2	0	5	0	
	2014	15	1	0	10	0	
	2014	15	2	0	7	0	
	2014	16	1	0	4	0	
	2014	16	2	2	7	0.2857143	
	2014	17	1	2	5	0.4	
	2014	17	2	1	6	0.1666667	
	2014	18	2	0	1	0	
	2015	2	2	0	1	0	
	2015	3	1	0	1	0	
	2015	4	1	0	7	0	
	2015	4	2	0	3	0	
	2015	5	1	0	14	0	
	2015	5	2	0	15	0	
	2015	6	1	0	17	0	
	2015	6	2	0	12	0	
	2015	7	1	0	20	0	
	2015	7	2	0	20	0	
	2015	8	1	0	21	0	
	2015	8	2	0	17	0	
	2015	9	1	0	18	0	
	2015	9	2	0	7	0	
	2015	10	1	0	18	0	
	2015	10	2	0	13	0	
	2015	11	1	0	19	0	
	2015	11	2	0	21	0	
	2015	12	1	0	11	0	
	2015	12	2	0	10	0	
	2015	13	1	1	9	0.1111111	
	2015	13	2	0	14	0	
	2015	14	1	0	7	0	
	2015	14	2	0	10	0	
	2015	15	1	1	12	0.08333333	
	2015	15	2	0	10	0	
	2015	16	1	1	3	0.3333333	
	2015	16	2	1	7	0.1428571	
	2015	17	1	0	1	0	
	2015	17	2	0	2	0	
	2015	18	1	1	1	1	
	2015	18	2	1	1	1	
	2015	19	1	0	1	0	
	2016	3	1	0	1	0	
	2016	3	2	0	1	0	
	2016	4	1	0	6	0	
	2016	4	2	0	3	0	
	2016	5	1	0	9	0	
	2016	5	2	0	11	0	
	2016	6	1	0	15	0	
	2016	6	2	1	16	0.0625	
	2016	7	1	0	15	0	
	2016	7	2	0	20	0	
	2016	8	1	0	15	0	
	2016	8	2	0	10	0	
	2016	9	1	0	11	0	
	2016	9	2	0	8	0	
	2016	10	1	0	11	0	
	2016	10	2	0	11	0	
	2016	11	1	0	14	0	
	2016	11	2	0	15	0	
	2016	12	1	0	7	0	
	2016	12	2	0	15	0	
	2016	13	1	1	9	0.1111111	
	2016	13	2	0	11	0	
	2016	14	1	0	12	0	
	2016	14	2	0	9	0	
	2016	15	1	0	5	0	
	2016	15	2	0	8	0	
	2016	16	1	2	6	0.3333333	
	2016	16	2	0	5	0	
	2016	17	1	1	3	0.3333333	
	2016	17	2	0	3	0	
	2016	18	1	0	1	0	
	2016	18	2	0	2	0	
	2016	19	2	0	1	0	
	2017	4	1	0	6	0	
	2017	4	2	0	7	0	
	2017	5	1	0	11	0	
	2017	5	2	0	14	0	
	2017	6	1	0	10	0	
	2017	6	2	0	19	0	
	2017	7	1	0	15	0	
	2017	7	2	0	17	0	
	2017	8	1	0	18	0	
	2017	8	2	0	11	0	
	2017	9	1	0	16	0	
	2017	9	2	0	15	0	
	2017	10	1	0	13	0	
	2017	10	2	0	12	0	
	2017	11	1	0	17	0	
	2017	11	2	0	17	0	
	2017	12	1	0	12	0	
	2017	12	2	0	13	0	
	2017	13	1	1	9	0.1111111	
	2017	13	2	0	7	0	
	2017	14	1	0	7	0	
	2017	14	2	0	14	0	
	2017	15	1	1	8	0.125	
	2017	15	2	0	6	0	
	2017	16	1	0	4	0	
	2017	16	2	0	9	0	
	2017	17	1	1	2	0.5	
	2017	17	2	1	7	0.1428571	
	2017	18	1	1	1	1	
	2017	18	2	0	1	0	
	2017	19	1	0	1	0	
	2018	3	2	0	1	0	
	2018	4	1	0	7	0	
	2018	4	2	0	6	0	
	2018	5	1	0	15	0	
	2018	5	2	0	11	0	
	2018	6	1	0	16	0	
	2018	6	2	0	14	0	
	2018	7	1	0	17	0	
	2018	7	2	0	18	0	
	2018	8	1	0	16	0	
	2018	8	2	0	16	0	
	2018	9	1	0	19	0	
	2018	9	2	0	20	0	
	2018	10	1	0	9	0	
	2018	10	2	0	16	0	
	2018	11	1	1	16	0.0625	
	2018	11	2	0	18	0	
	2018	12	1	0	12	0	
	2018	12	2	0	11	0	
	2018	13	1	0	13	0	
	2018	13	2	0	8	0	
	2018	14	1	0	10	0	
	2018	14	2	0	5	0	
	2018	15	1	0	8	0	
	2018	15	2	0	13	0	
	2018	16	1	0	3	0	
	2018	16	2	0	8	0	
	2018	17	1	1	5	0.2	
	2018	17	2	0	2	0	
	2019	2	2	0	1	0	
	2019	3	1	0	1	0	
	2019	3	2	0	1	0	
	2019	4	1	0	7	0	
	2019	4	2	0	5	0	
	2019	5	1	0	10	0	
	2019	5	2	0	15	0	
	2019	6	1	0	17	0	
	2019	6	2	0	15	0	
	2019	7	1	0	15	0	
	2019	7	2	0	16	0	
	2019	8	1	0	22	0	
	2019	8	2	0	15	0	
	2019	9	1	0	16	0	
	2019	9	2	0	9	0	
	2019	10	1	0	15	0	
	2019	10	2	0	9	0	
	2019	11	1	0	19	0	
	2019	11	2	0	17	0	
	2019	12	1	0	11	0	
	2019	12	2	0	10	0	
	2019	13	1	1	16	0.0625	
	2019	13	2	0	14	0	
	2019	14	1	1	11	0.09090909	
	2019	14	2	0	10	0	
	2019	15	1	0	7	0	
	2019	15	2	0	9	0	
	2019	16	1	1	7	0.1428571	
	2019	16	2	1	5	0.2	
	2019	17	1	0	3	0	
	2019	17	2	1	8	0.125	
	2019	18	2	0	1	0	
