
	A1_01_M HD Herzinfarkt (Alter >19), Mortalität // DP infarctus du myocarde (âge >19), mortalité // DP infarto miocardico (età >19), mortalità
	BAG/OFSP/UFSP - CH-IQI Version V5-2 - Daten 2019 - 21. April 2021

	Jahr	AltEGrp	Sex	DeathCH	CasesCH	pCH	
	2008	5	1	0	5	0	
	2008	6	1	0	8	0	
	2008	6	2	0	5	0	
	2008	7	1	1	32	0.03125	
	2008	7	2	0	4	0	
	2008	8	1	0	104	0	
	2008	8	2	0	24	0	
	2008	9	1	5	411	0.01216545	
	2008	9	2	1	52	0.01923077	
	2008	10	1	8	690	0.0115942	
	2008	10	2	2	108	0.01851852	
	2008	11	1	14	894	0.01565996	
	2008	11	2	6	184	0.0326087	
	2008	12	1	28	994	0.02816901	
	2008	12	2	14	240	0.05833333	
	2008	13	1	37	1188	0.03114478	
	2008	13	2	8	315	0.02539683	
	2008	14	1	45	1025	0.04390244	
	2008	14	2	16	362	0.0441989	
	2008	15	1	60	977	0.06141249	
	2008	15	2	20	492	0.04065041	
	2008	16	1	78	980	0.07959184	
	2008	16	2	44	660	0.06666667	
	2008	17	1	112	774	0.1447028	
	2008	17	2	110	752	0.1462766	
	2008	18	1	101	493	0.2048682	
	2008	18	2	103	561	0.1836007	
	2008	19	1	47	160	0.29375	
	2008	19	2	61	227	0.2687225	
	2008	20	1	11	27	0.4074074	
	2008	20	2	23	53	0.4339623	
	2009	5	1	0	4	0	
	2009	6	1	1	14	0.07142857	
	2009	6	2	0	2	0	
	2009	7	1	0	30	0	
	2009	7	2	0	12	0	
	2009	8	1	0	155	0	
	2009	8	2	0	31	0	
	2009	9	1	3	354	0.008474576	
	2009	9	2	1	59	0.01694915	
	2009	10	1	15	721	0.02080444	
	2009	10	2	3	135	0.02222222	
	2009	11	1	18	1030	0.01747573	
	2009	11	2	1	188	0.005319149	
	2009	12	1	20	1180	0.01694915	
	2009	12	2	4	233	0.01716738	
	2009	13	1	38	1212	0.03135314	
	2009	13	2	10	312	0.03205128	
	2009	14	1	38	1132	0.0335689	
	2009	14	2	18	422	0.04265403	
	2009	15	1	46	1062	0.0433145	
	2009	15	2	23	509	0.04518664	
	2009	16	1	84	1028	0.08171206	
	2009	16	2	46	641	0.07176287	
	2009	17	1	107	806	0.1327543	
	2009	17	2	88	711	0.1237693	
	2009	18	1	109	511	0.2133072	
	2009	18	2	108	593	0.1821248	
	2009	19	1	41	142	0.2887324	
	2009	19	2	60	237	0.2531646	
	2009	20	1	8	26	0.3076923	
	2009	20	2	14	53	0.2641509	
	2010	5	1	0	6	0	
	2010	5	2	0	1	0	
	2010	6	1	0	14	0	
	2010	6	2	0	2	0	
	2010	7	1	1	46	0.02173913	
	2010	7	2	0	18	0	
	2010	8	1	1	148	0.006756757	
	2010	8	2	0	19	0	
	2010	9	1	5	399	0.01253133	
	2010	9	2	1	59	0.01694915	
	2010	10	1	12	788	0.01522843	
	2010	10	2	2	123	0.01626016	
	2010	11	1	13	1174	0.01107325	
	2010	11	2	2	235	0.008510638	
	2010	12	1	24	1323	0.01814059	
	2010	12	2	7	253	0.02766798	
	2010	13	1	28	1497	0.01870407	
	2010	13	2	4	381	0.01049869	
	2010	14	1	45	1301	0.03458878	
	2010	14	2	13	444	0.02927928	
	2010	15	1	59	1147	0.05143854	
	2010	15	2	29	578	0.05017301	
	2010	16	1	64	1133	0.0564872	
	2010	16	2	51	771	0.06614786	
	2010	17	1	106	947	0.1119324	
	2010	17	2	88	793	0.110971	
	2010	18	1	119	584	0.2037671	
	2010	18	2	102	683	0.1493411	
	2010	19	1	39	153	0.254902	
	2010	19	2	51	265	0.1924528	
	2010	20	1	10	35	0.2857143	
	2010	20	2	20	68	0.2941176	
	2011	5	1	0	3	0	
	2011	5	2	0	1	0	
	2011	6	1	1	7	0.1428571	
	2011	6	2	0	4	0	
	2011	7	1	1	36	0.02777778	
	2011	7	2	0	16	0	
	2011	8	1	2	141	0.0141844	
	2011	8	2	0	29	0	
	2011	9	1	5	456	0.01096491	
	2011	9	2	1	81	0.01234568	
	2011	10	1	10	862	0.01160093	
	2011	10	2	4	147	0.02721088	
	2011	11	1	13	1132	0.0114841	
	2011	11	2	2	205	0.009756098	
	2011	12	1	21	1314	0.01598174	
	2011	12	2	6	286	0.02097902	
	2011	13	1	37	1438	0.02573018	
	2011	13	2	8	381	0.02099738	
	2011	14	1	50	1500	0.03333333	
	2011	14	2	13	460	0.02826087	
	2011	15	1	60	1220	0.04918033	
	2011	15	2	26	551	0.04718693	
	2011	16	1	82	1316	0.06231003	
	2011	16	2	40	773	0.05174644	
	2011	17	1	110	1009	0.1090188	
	2011	17	2	89	886	0.1004515	
	2011	18	1	116	626	0.1853035	
	2011	18	2	107	715	0.1496503	
	2011	19	1	47	188	0.25	
	2011	19	2	53	299	0.1772575	
	2011	20	1	6	36	0.1666667	
	2011	20	2	17	70	0.2428571	
	2012	5	1	0	5	0	
	2012	5	2	0	2	0	
	2012	6	1	1	18	0.05555556	
	2012	6	2	0	1	0	
	2012	7	1	0	64	0	
	2012	7	2	0	4	0	
	2012	8	1	1	118	0.008474576	
	2012	8	2	0	21	0	
	2012	9	1	5	397	0.01259446	
	2012	9	2	3	68	0.04411765	
	2012	10	1	17	842	0.02019002	
	2012	10	2	4	148	0.02702703	
	2012	11	1	21	1172	0.01791809	
	2012	11	2	3	232	0.01293103	
	2012	12	1	27	1298	0.02080123	
	2012	12	2	6	281	0.02135231	
	2012	13	1	35	1458	0.02400549	
	2012	13	2	14	421	0.03325416	
	2012	14	1	61	1458	0.04183813	
	2012	14	2	11	447	0.0246085	
	2012	15	1	56	1300	0.04307692	
	2012	15	2	31	616	0.05032468	
	2012	16	1	65	1186	0.05480607	
	2012	16	2	61	711	0.08579466	
	2012	17	1	112	1047	0.1069723	
	2012	17	2	67	830	0.08072289	
	2012	18	1	88	621	0.1417069	
	2012	18	2	103	653	0.1577335	
	2012	19	1	49	182	0.2692308	
	2012	19	2	74	296	0.25	
	2012	20	1	16	39	0.4102564	
	2012	20	2	15	63	0.2380952	
	2013	5	1	0	5	0	
	2013	5	2	0	5	0	
	2013	6	1	0	18	0	
	2013	6	2	0	5	0	
	2013	7	1	0	54	0	
	2013	8	1	0	132	0	
	2013	8	2	0	27	0	
	2013	9	1	5	374	0.01336898	
	2013	9	2	0	71	0	
	2013	10	1	17	824	0.02063107	
	2013	10	2	3	126	0.02380952	
	2013	11	1	13	1135	0.01145374	
	2013	11	2	3	229	0.01310044	
	2013	12	1	34	1366	0.02489019	
	2013	12	2	10	267	0.03745318	
	2013	13	1	28	1355	0.02066421	
	2013	13	2	17	415	0.04096386	
	2013	14	1	48	1397	0.03435934	
	2013	14	2	15	481	0.03118503	
	2013	15	1	59	1358	0.04344624	
	2013	15	2	29	584	0.04965753	
	2013	16	1	76	1252	0.06070288	
	2013	16	2	37	693	0.05339105	
	2013	17	1	114	1050	0.1085714	
	2013	17	2	91	838	0.1085919	
	2013	18	1	98	655	0.1496183	
	2013	18	2	96	703	0.1365576	
	2013	19	1	40	202	0.1980198	
	2013	19	2	79	337	0.2344214	
	2013	20	1	11	33	0.3333333	
	2013	20	2	14	74	0.1891892	
	2014	5	1	0	19	0	
	2014	6	1	1	12	0.08333333	
	2014	6	2	0	2	0	
	2014	7	1	0	54	0	
	2014	7	2	1	8	0.125	
	2014	8	1	4	128	0.03125	
	2014	8	2	0	24	0	
	2014	9	1	3	381	0.007874016	
	2014	9	2	1	72	0.01388889	
	2014	10	1	8	843	0.009489917	
	2014	10	2	0	139	0	
	2014	11	1	14	1231	0.01137287	
	2014	11	2	3	216	0.01388889	
	2014	12	1	28	1538	0.01820546	
	2014	12	2	4	330	0.01212121	
	2014	13	1	33	1417	0.02328864	
	2014	13	2	11	404	0.02722772	
	2014	14	1	57	1518	0.03754941	
	2014	14	2	12	457	0.02625821	
	2014	15	1	51	1379	0.03698332	
	2014	15	2	29	567	0.05114638	
	2014	16	1	77	1241	0.06204674	
	2014	16	2	42	734	0.05722071	
	2014	17	1	106	1104	0.09601449	
	2014	17	2	67	890	0.0752809	
	2014	18	1	91	632	0.1439873	
	2014	18	2	90	648	0.1388889	
	2014	19	1	37	230	0.1608696	
	2014	19	2	77	379	0.2031662	
	2014	20	1	12	30	0.4	
	2014	20	2	14	65	0.2153846	
	2015	5	1	0	5	0	
	2015	5	2	0	4	0	
	2015	6	1	0	21	0	
	2015	6	2	0	1	0	
	2015	7	1	0	53	0	
	2015	7	2	0	6	0	
	2015	8	1	2	130	0.01538462	
	2015	8	2	1	24	0.04166667	
	2015	9	1	5	403	0.01240695	
	2015	9	2	0	61	0	
	2015	10	1	14	831	0.01684717	
	2015	10	2	3	145	0.02068966	
	2015	11	1	12	1246	0.009630819	
	2015	11	2	0	245	0	
	2015	12	1	29	1456	0.01991758	
	2015	12	2	4	292	0.01369863	
	2015	13	1	38	1512	0.02513228	
	2015	13	2	7	381	0.0183727	
	2015	14	1	47	1589	0.02957835	
	2015	14	2	8	568	0.01408451	
	2015	15	1	64	1456	0.04395604	
	2015	15	2	24	565	0.04247788	
	2015	16	1	69	1293	0.05336427	
	2015	16	2	34	739	0.04600812	
	2015	17	1	110	1124	0.09786477	
	2015	17	2	62	876	0.07077626	
	2015	18	1	93	645	0.144186	
	2015	18	2	90	721	0.1248266	
	2015	19	1	50	224	0.2232143	
	2015	19	2	65	337	0.1928783	
	2015	20	1	19	45	0.4222222	
	2015	20	2	19	63	0.3015873	
	2016	5	1	0	8	0	
	2016	5	2	0	1	0	
	2016	6	1	0	22	0	
	2016	6	2	0	2	0	
	2016	7	1	2	45	0.04444444	
	2016	7	2	0	6	0	
	2016	8	1	0	134	0	
	2016	8	2	1	27	0.03703704	
	2016	9	1	3	361	0.008310249	
	2016	9	2	0	49	0	
	2016	10	1	9	754	0.01193634	
	2016	10	2	0	134	0	
	2016	11	1	17	1248	0.01362179	
	2016	11	2	4	255	0.01568627	
	2016	12	1	24	1530	0.01568627	
	2016	12	2	7	310	0.02258065	
	2016	13	1	37	1665	0.02222222	
	2016	13	2	8	413	0.01937046	
	2016	14	1	33	1582	0.02085967	
	2016	14	2	23	550	0.04181818	
	2016	15	1	70	1472	0.04755435	
	2016	15	2	34	641	0.05304212	
	2016	16	1	78	1390	0.05611511	
	2016	16	2	45	757	0.05944518	
	2016	17	1	99	1206	0.08208955	
	2016	17	2	64	907	0.07056229	
	2016	18	1	80	713	0.112202	
	2016	18	2	87	739	0.1177267	
	2016	19	1	63	271	0.2324723	
	2016	19	2	66	362	0.1823204	
	2016	20	1	9	39	0.2307692	
	2016	20	2	21	85	0.2470588	
	2017	5	1	0	7	0	
	2017	5	2	0	1	0	
	2017	6	1	0	25	0	
	2017	6	2	0	1	0	
	2017	7	1	2	62	0.03225806	
	2017	7	2	0	3	0	
	2017	8	1	0	122	0	
	2017	8	2	0	34	0	
	2017	9	1	3	319	0.009404389	
	2017	9	2	2	50	0.04	
	2017	10	1	7	767	0.009126467	
	2017	10	2	5	113	0.04424779	
	2017	11	1	20	1311	0.01525553	
	2017	11	2	0	250	0	
	2017	12	1	34	1557	0.02183687	
	2017	12	2	9	322	0.02795031	
	2017	13	1	29	1631	0.0177805	
	2017	13	2	3	374	0.00802139	
	2017	14	1	43	1551	0.02772405	
	2017	14	2	20	531	0.03766478	
	2017	15	1	59	1525	0.03868852	
	2017	15	2	24	688	0.03488372	
	2017	16	1	87	1285	0.06770428	
	2017	16	2	47	797	0.05897114	
	2017	17	1	81	1151	0.07037359	
	2017	17	2	77	892	0.08632287	
	2017	18	1	102	796	0.1281407	
	2017	18	2	84	719	0.1168289	
	2017	19	1	44	245	0.1795918	
	2017	19	2	85	356	0.238764	
	2017	20	1	12	45	0.2666667	
	2017	20	2	24	80	0.3	
	2018	5	1	0	10	0	
	2018	6	1	0	17	0	
	2018	6	2	0	3	0	
	2018	7	1	2	57	0.03508772	
	2018	7	2	0	11	0	
	2018	8	1	3	142	0.02112676	
	2018	8	2	2	32	0.0625	
	2018	9	1	3	342	0.00877193	
	2018	9	2	1	71	0.01408451	
	2018	10	1	9	711	0.01265823	
	2018	10	2	3	113	0.02654867	
	2018	11	1	18	1321	0.01362604	
	2018	11	2	2	216	0.009259259	
	2018	12	1	20	1647	0.01214329	
	2018	12	2	9	366	0.02459016	
	2018	13	1	34	1574	0.02160102	
	2018	13	2	11	364	0.03021978	
	2018	14	1	41	1551	0.02643456	
	2018	14	2	22	510	0.04313725	
	2018	15	1	60	1593	0.03766478	
	2018	15	2	33	680	0.04852941	
	2018	16	1	68	1293	0.05259087	
	2018	16	2	23	776	0.02963918	
	2018	17	1	95	1170	0.08119658	
	2018	17	2	52	879	0.05915813	
	2018	18	1	62	721	0.08599168	
	2018	18	2	84	729	0.1152263	
	2018	19	1	54	252	0.2142857	
	2018	19	2	65	347	0.1873199	
	2018	20	1	12	34	0.3529412	
	2018	20	2	26	100	0.26	
	2019	5	1	0	2	0	
	2019	5	2	0	1	0	
	2019	6	1	0	9	0	
	2019	6	2	0	12	0	
	2019	7	1	0	56	0	
	2019	7	2	0	5	0	
	2019	8	1	1	147	0.006802721	
	2019	8	2	0	18	0	
	2019	9	1	0	347	0	
	2019	9	2	0	57	0	
	2019	10	1	6	681	0.008810573	
	2019	10	2	0	112	0	
	2019	11	1	19	1214	0.01565074	
	2019	11	2	3	242	0.01239669	
	2019	12	1	26	1592	0.01633166	
	2019	12	2	6	361	0.0166205	
	2019	13	1	36	1576	0.02284264	
	2019	13	2	7	427	0.01639344	
	2019	14	1	55	1626	0.03382534	
	2019	14	2	13	535	0.02429907	
	2019	15	1	48	1614	0.02973978	
	2019	15	2	39	728	0.05357143	
	2019	16	1	71	1406	0.05049787	
	2019	16	2	51	869	0.05868815	
	2019	17	1	83	1134	0.07319224	
	2019	17	2	63	832	0.07572115	
	2019	18	1	80	744	0.1075269	
	2019	18	2	78	718	0.1086351	
	2019	19	1	48	247	0.194332	
	2019	19	2	62	345	0.1797101	
	2019	20	1	7	56	0.125	
	2019	20	2	19	85	0.2235294	
