
	E4_07_M Kolorektale Resektionen bei Darmischämie, Mortalität // Résections colorectales pour ischémie intestinale, mortalité // Resezione colorettale per ischemia intestinale, mortalità
	BAG/OFSP/UFSP - CH-IQI Version V5-2 - Daten 2019 - 21. April 2021

	Jahr	AltEGrp	Sex	DeathCH	CasesCH	pCH	
	2008	2	2	0	1	0	
	2008	3	2	0	1	0	
	2008	4	2	0	1	0	
	2008	5	2	0	1	0	
	2008	6	1	0	1	0	
	2008	6	2	0	1	0	
	2008	7	1	0	1	0	
	2008	8	1	0	1	0	
	2008	8	2	0	2	0	
	2008	9	1	0	2	0	
	2008	9	2	0	2	0	
	2008	10	1	1	5	0.2	
	2008	11	1	0	5	0	
	2008	11	2	1	5	0.2	
	2008	12	1	4	9	0.4444444	
	2008	12	2	0	3	0	
	2008	13	1	4	20	0.2	
	2008	13	2	4	8	0.5	
	2008	14	1	4	15	0.2666667	
	2008	14	2	1	10	0.1	
	2008	15	1	7	16	0.4375	
	2008	15	2	3	10	0.3	
	2008	16	1	7	17	0.4117647	
	2008	16	2	9	25	0.36	
	2008	17	1	3	9	0.3333333	
	2008	17	2	8	29	0.2758621	
	2008	18	1	4	7	0.5714286	
	2008	18	2	0	5	0	
	2008	19	1	0	2	0	
	2008	19	2	1	2	0.5	
	2008	20	2	1	1	1	
	2009	3	1	1	1	1	
	2009	7	1	0	1	0	
	2009	7	2	0	1	0	
	2009	8	1	0	1	0	
	2009	8	2	0	1	0	
	2009	9	2	0	2	0	
	2009	10	1	1	3	0.3333333	
	2009	10	2	0	1	0	
	2009	11	1	1	6	0.1666667	
	2009	11	2	0	5	0	
	2009	12	1	3	6	0.5	
	2009	12	2	0	4	0	
	2009	13	1	6	10	0.6	
	2009	13	2	2	7	0.2857143	
	2009	14	1	7	20	0.35	
	2009	14	2	4	11	0.3636364	
	2009	15	1	5	13	0.3846154	
	2009	15	2	7	25	0.28	
	2009	16	1	8	14	0.5714286	
	2009	16	2	8	19	0.4210526	
	2009	17	1	5	14	0.3571429	
	2009	17	2	7	16	0.4375	
	2009	18	1	3	8	0.375	
	2009	18	2	3	9	0.3333333	
	2009	19	1	1	2	0.5	
	2009	19	2	1	2	0.5	
	2010	1	2	1	1	1	
	2010	7	1	0	1	0	
	2010	8	1	1	1	1	
	2010	9	1	0	2	0	
	2010	9	2	0	2	0	
	2010	10	1	0	1	0	
	2010	10	2	1	2	0.5	
	2010	11	1	1	6	0.1666667	
	2010	11	2	2	3	0.6666667	
	2010	12	1	0	2	0	
	2010	12	2	3	8	0.375	
	2010	13	1	6	16	0.375	
	2010	13	2	3	10	0.3	
	2010	14	1	8	27	0.2962963	
	2010	14	2	9	13	0.6923077	
	2010	15	1	7	15	0.4666667	
	2010	15	2	6	16	0.375	
	2010	16	1	7	21	0.3333333	
	2010	16	2	5	16	0.3125	
	2010	17	1	7	12	0.5833333	
	2010	17	2	6	14	0.4285714	
	2010	18	1	3	6	0.5	
	2010	18	2	2	6	0.3333333	
	2010	19	1	0	1	0	
	2010	19	2	0	3	0	
	2010	20	1	0	2	0	
	2010	20	2	1	1	1	
	2011	1	1	0	2	0	
	2011	1	2	0	1	0	
	2011	2	2	0	1	0	
	2011	6	1	0	2	0	
	2011	7	2	0	1	0	
	2011	8	2	0	1	0	
	2011	9	1	1	1	1	
	2011	9	2	0	2	0	
	2011	10	1	2	4	0.5	
	2011	10	2	0	1	0	
	2011	11	1	1	4	0.25	
	2011	11	2	0	2	0	
	2011	12	1	2	7	0.2857143	
	2011	12	2	1	9	0.1111111	
	2011	13	1	12	25	0.48	
	2011	13	2	4	9	0.4444444	
	2011	14	1	5	15	0.3333333	
	2011	14	2	3	12	0.25	
	2011	15	1	8	25	0.32	
	2011	15	2	8	12	0.6666667	
	2011	16	1	9	18	0.5	
	2011	16	2	15	26	0.5769231	
	2011	17	1	7	14	0.5	
	2011	17	2	9	16	0.5625	
	2011	18	1	4	11	0.3636364	
	2011	18	2	6	12	0.5	
	2011	19	2	1	3	0.3333333	
	2012	4	1	0	3	0	
	2012	5	1	0	2	0	
	2012	6	1	1	2	0.5	
	2012	7	1	1	4	0.25	
	2012	7	2	0	1	0	
	2012	8	2	0	1	0	
	2012	9	1	0	2	0	
	2012	9	2	1	3	0.3333333	
	2012	10	1	0	1	0	
	2012	10	2	0	2	0	
	2012	11	1	1	7	0.1428571	
	2012	11	2	0	5	0	
	2012	12	1	1	9	0.1111111	
	2012	12	2	2	6	0.3333333	
	2012	13	1	3	21	0.1428571	
	2012	13	2	5	13	0.3846154	
	2012	14	1	7	25	0.28	
	2012	14	2	4	15	0.2666667	
	2012	15	1	15	26	0.5769231	
	2012	15	2	10	25	0.4	
	2012	16	1	14	23	0.6086957	
	2012	16	2	14	26	0.5384615	
	2012	17	1	8	24	0.3333333	
	2012	17	2	5	14	0.3571429	
	2012	18	1	0	1	0	
	2012	18	2	6	14	0.4285714	
	2012	19	1	3	5	0.6	
	2012	19	2	1	1	1	
	2012	20	1	1	1	1	
	2012	20	2	1	1	1	
	2013	1	1	0	2	0	
	2013	1	2	0	1	0	
	2013	3	1	0	1	0	
	2013	4	1	0	1	0	
	2013	5	2	0	1	0	
	2013	6	2	0	3	0	
	2013	7	1	1	2	0.5	
	2013	8	2	0	2	0	
	2013	9	1	1	1	1	
	2013	9	2	3	4	0.75	
	2013	10	1	1	8	0.125	
	2013	10	2	0	2	0	
	2013	11	1	3	8	0.375	
	2013	11	2	2	9	0.2222222	
	2013	12	1	4	15	0.2666667	
	2013	12	2	4	9	0.4444444	
	2013	13	1	7	14	0.5	
	2013	13	2	3	11	0.2727273	
	2013	14	1	9	29	0.3103448	
	2013	14	2	5	14	0.3571429	
	2013	15	1	12	22	0.5454545	
	2013	15	2	9	21	0.4285714	
	2013	16	1	14	26	0.5384615	
	2013	16	2	9	24	0.375	
	2013	17	1	13	28	0.4642857	
	2013	17	2	10	25	0.4	
	2013	18	1	3	8	0.375	
	2013	18	2	5	13	0.3846154	
	2013	19	1	2	4	0.5	
	2013	19	2	1	4	0.25	
	2013	20	1	0	1	0	
	2014	1	1	0	3	0	
	2014	2	1	0	1	0	
	2014	4	2	1	1	1	
	2014	6	2	1	1	1	
	2014	7	1	1	3	0.3333333	
	2014	7	2	0	1	0	
	2014	8	1	1	3	0.3333333	
	2014	8	2	0	1	0	
	2014	9	1	2	3	0.6666667	
	2014	9	2	2	4	0.5	
	2014	10	1	2	3	0.6666667	
	2014	10	2	0	3	0	
	2014	11	1	3	6	0.5	
	2014	11	2	0	3	0	
	2014	12	1	4	16	0.25	
	2014	12	2	0	3	0	
	2014	13	1	4	14	0.2857143	
	2014	13	2	5	10	0.5	
	2014	14	1	11	30	0.3666667	
	2014	14	2	9	15	0.6	
	2014	15	1	23	45	0.5111111	
	2014	15	2	11	29	0.3793103	
	2014	16	1	8	25	0.32	
	2014	16	2	8	30	0.2666667	
	2014	17	1	13	30	0.4333333	
	2014	17	2	14	23	0.6086957	
	2014	18	1	6	9	0.6666667	
	2014	18	2	11	23	0.4782609	
	2014	19	2	2	7	0.2857143	
	2014	20	2	1	1	1	
	2015	1	1	0	1	0	
	2015	2	2	1	1	1	
	2015	3	2	0	1	0	
	2015	5	2	0	1	0	
	2015	6	1	1	2	0.5	
	2015	7	1	0	1	0	
	2015	8	1	2	2	1	
	2015	8	2	0	3	0	
	2015	9	1	0	3	0	
	2015	9	2	0	3	0	
	2015	10	1	1	5	0.2	
	2015	10	2	0	2	0	
	2015	11	1	2	12	0.1666667	
	2015	11	2	0	3	0	
	2015	12	1	2	8	0.25	
	2015	12	2	1	13	0.07692308	
	2015	13	1	4	13	0.3076923	
	2015	13	2	3	7	0.4285714	
	2015	14	1	9	24	0.375	
	2015	14	2	3	26	0.1153846	
	2015	15	1	14	33	0.4242424	
	2015	15	2	8	21	0.3809524	
	2015	16	1	10	23	0.4347826	
	2015	16	2	12	28	0.4285714	
	2015	17	1	10	22	0.4545455	
	2015	17	2	11	27	0.4074074	
	2015	18	1	6	10	0.6	
	2015	18	2	6	12	0.5	
	2015	19	1	1	3	0.3333333	
	2015	19	2	1	2	0.5	
	2016	1	1	0	3	0	
	2016	4	2	0	1	0	
	2016	5	1	0	1	0	
	2016	6	1	1	2	0.5	
	2016	6	2	1	3	0.3333333	
	2016	7	2	0	1	0	
	2016	8	1	1	2	0.5	
	2016	9	1	0	3	0	
	2016	9	2	0	5	0	
	2016	10	1	1	4	0.25	
	2016	10	2	0	1	0	
	2016	11	1	0	4	0	
	2016	11	2	2	7	0.2857143	
	2016	12	1	4	18	0.2222222	
	2016	12	2	3	8	0.375	
	2016	13	1	8	27	0.2962963	
	2016	13	2	4	12	0.3333333	
	2016	14	1	5	24	0.2083333	
	2016	14	2	5	18	0.2777778	
	2016	15	1	12	28	0.4285714	
	2016	15	2	9	27	0.3333333	
	2016	16	1	15	32	0.46875	
	2016	16	2	10	25	0.4	
	2016	17	1	4	13	0.3076923	
	2016	17	2	13	24	0.5416667	
	2016	18	1	8	13	0.6153846	
	2016	18	2	9	18	0.5	
	2016	19	1	1	2	0.5	
	2016	19	2	1	5	0.2	
	2016	20	2	0	1	0	
	2017	1	1	0	2	0	
	2017	1	2	0	2	0	
	2017	4	2	0	1	0	
	2017	5	1	0	1	0	
	2017	5	2	0	2	0	
	2017	6	1	0	1	0	
	2017	6	2	0	2	0	
	2017	7	1	0	1	0	
	2017	7	2	0	1	0	
	2017	8	1	0	2	0	
	2017	8	2	0	2	0	
	2017	9	1	0	2	0	
	2017	9	2	0	2	0	
	2017	10	1	3	7	0.4285714	
	2017	10	2	0	4	0	
	2017	11	1	6	10	0.6	
	2017	11	2	1	3	0.3333333	
	2017	12	1	7	11	0.6363636	
	2017	12	2	1	9	0.1111111	
	2017	13	1	11	25	0.44	
	2017	13	2	4	11	0.3636364	
	2017	14	1	9	26	0.3461538	
	2017	14	2	7	21	0.3333333	
	2017	15	1	21	43	0.4883721	
	2017	15	2	8	35	0.2285714	
	2017	16	1	9	26	0.3461538	
	2017	16	2	13	33	0.3939394	
	2017	17	1	10	20	0.5	
	2017	17	2	14	25	0.56	
	2017	18	1	4	12	0.3333333	
	2017	18	2	7	16	0.4375	
	2017	19	1	1	2	0.5	
	2017	19	2	6	10	0.6	
	2018	1	1	1	2	0.5	
	2018	1	2	0	1	0	
	2018	3	1	0	2	0	
	2018	3	2	1	1	1	
	2018	5	1	0	1	0	
	2018	5	2	0	1	0	
	2018	6	2	0	3	0	
	2018	7	1	1	1	1	
	2018	7	2	0	2	0	
	2018	8	1	0	2	0	
	2018	8	2	1	1	1	
	2018	9	2	0	2	0	
	2018	10	1	3	6	0.5	
	2018	10	2	0	8	0	
	2018	11	1	2	6	0.3333333	
	2018	11	2	0	5	0	
	2018	12	1	3	9	0.3333333	
	2018	12	2	0	4	0	
	2018	13	1	7	30	0.2333333	
	2018	13	2	3	16	0.1875	
	2018	14	1	9	19	0.4736842	
	2018	14	2	8	20	0.4	
	2018	15	1	10	31	0.3225806	
	2018	15	2	9	24	0.375	
	2018	16	1	13	28	0.4642857	
	2018	16	2	14	34	0.4117647	
	2018	17	1	5	18	0.2777778	
	2018	17	2	7	19	0.3684211	
	2018	18	1	6	10	0.6	
	2018	18	2	9	20	0.45	
	2018	19	1	0	1	0	
	2018	19	2	0	5	0	
	2019	1	1	2	2	1	
	2019	1	2	0	3	0	
	2019	4	1	1	2	0.5	
	2019	5	2	0	1	0	
	2019	6	1	1	4	0.25	
	2019	6	2	0	3	0	
	2019	7	1	1	2	0.5	
	2019	7	2	1	3	0.3333333	
	2019	8	1	0	2	0	
	2019	8	2	1	2	0.5	
	2019	9	1	0	2	0	
	2019	9	2	0	1	0	
	2019	10	1	1	6	0.1666667	
	2019	10	2	0	6	0	
	2019	11	1	3	14	0.2142857	
	2019	11	2	1	11	0.09090909	
	2019	12	1	6	20	0.3	
	2019	12	2	2	16	0.125	
	2019	13	1	9	19	0.4736842	
	2019	13	2	2	13	0.1538462	
	2019	14	1	6	25	0.24	
	2019	14	2	4	11	0.3636364	
	2019	15	1	18	47	0.3829787	
	2019	15	2	16	34	0.4705882	
	2019	16	1	15	30	0.5	
	2019	16	2	10	30	0.3333333	
	2019	17	1	10	23	0.4347826	
	2019	17	2	14	23	0.6086957	
	2019	18	1	6	17	0.3529412	
	2019	18	2	5	13	0.3846154	
	2019	19	1	3	4	0.75	
	2019	19	2	2	7	0.2857143	
