
	D1_13_M HD Aspirationspneumonie, Mortalität // DP pneumonie par aspiration, mortalité // DP polmonite da aspirazione, mortalità
	BAG/OFSP/UFSP - CH-IQI Version V5-2 - Daten 2019 - 21. April 2021

	Jahr	AltEGrp	Sex	DeathCH	CasesCH	pCH	
	2008	1	1	0	15	0	
	2008	1	2	0	4	0	
	2008	2	1	0	3	0	
	2008	3	1	0	1	0	
	2008	3	2	0	3	0	
	2008	4	1	0	10	0	
	2008	4	2	0	8	0	
	2008	5	1	1	5	0.2	
	2008	5	2	0	1	0	
	2008	6	1	0	6	0	
	2008	6	2	0	4	0	
	2008	7	1	2	9	0.2222222	
	2008	7	2	1	5	0.2	
	2008	8	1	0	13	0	
	2008	8	2	1	6	0.1666667	
	2008	9	1	0	12	0	
	2008	9	2	0	9	0	
	2008	10	1	1	17	0.05882353	
	2008	10	2	1	8	0.125	
	2008	11	1	5	33	0.1515152	
	2008	11	2	0	8	0	
	2008	12	1	6	35	0.1714286	
	2008	12	2	2	18	0.1111111	
	2008	13	1	15	67	0.2238806	
	2008	13	2	4	25	0.16	
	2008	14	1	21	74	0.2837838	
	2008	14	2	3	25	0.12	
	2008	15	1	20	85	0.2352941	
	2008	15	2	7	27	0.2592593	
	2008	16	1	25	99	0.2525253	
	2008	16	2	8	53	0.1509434	
	2008	17	1	19	106	0.1792453	
	2008	17	2	21	69	0.3043478	
	2008	18	1	36	118	0.3050847	
	2008	18	2	22	70	0.3142857	
	2008	19	1	13	48	0.2708333	
	2008	19	2	13	35	0.3714286	
	2008	20	1	9	21	0.4285714	
	2008	20	2	6	21	0.2857143	
	2009	1	1	0	10	0	
	2009	1	2	0	4	0	
	2009	2	1	0	1	0	
	2009	2	2	1	4	0.25	
	2009	3	1	0	4	0	
	2009	3	2	0	2	0	
	2009	4	1	1	7	0.1428571	
	2009	4	2	1	4	0.25	
	2009	5	1	1	10	0.1	
	2009	5	2	0	2	0	
	2009	6	1	1	10	0.1	
	2009	6	2	0	6	0	
	2009	7	1	1	10	0.1	
	2009	7	2	1	5	0.2	
	2009	8	1	0	8	0	
	2009	8	2	0	5	0	
	2009	9	1	0	17	0	
	2009	9	2	1	12	0.08333333	
	2009	10	1	2	29	0.06896552	
	2009	10	2	1	4	0.25	
	2009	11	1	2	19	0.1052632	
	2009	11	2	0	9	0	
	2009	12	1	5	29	0.1724138	
	2009	12	2	3	22	0.1363636	
	2009	13	1	5	55	0.09090909	
	2009	13	2	2	13	0.1538462	
	2009	14	1	11	67	0.1641791	
	2009	14	2	6	29	0.2068966	
	2009	15	1	22	90	0.2444444	
	2009	15	2	8	38	0.2105263	
	2009	16	1	31	115	0.2695652	
	2009	16	2	10	44	0.2272727	
	2009	17	1	40	149	0.2684564	
	2009	17	2	18	69	0.2608696	
	2009	18	1	28	99	0.2828283	
	2009	18	2	20	82	0.2439024	
	2009	19	1	19	48	0.3958333	
	2009	19	2	8	32	0.25	
	2009	20	1	8	21	0.3809524	
	2009	20	2	6	16	0.375	
	2010	1	1	0	13	0	
	2010	1	2	1	9	0.1111111	
	2010	2	1	1	5	0.2	
	2010	2	2	0	6	0	
	2010	3	1	0	8	0	
	2010	3	2	0	4	0	
	2010	4	1	1	15	0.06666667	
	2010	4	2	0	2	0	
	2010	5	1	1	10	0.1	
	2010	5	2	0	9	0	
	2010	6	1	0	8	0	
	2010	6	2	0	5	0	
	2010	7	1	1	8	0.125	
	2010	7	2	0	5	0	
	2010	8	1	1	11	0.09090909	
	2010	8	2	0	4	0	
	2010	9	1	3	15	0.2	
	2010	9	2	3	10	0.3	
	2010	10	1	0	21	0	
	2010	10	2	0	11	0	
	2010	11	1	1	28	0.03571429	
	2010	11	2	0	9	0	
	2010	12	1	5	39	0.1282051	
	2010	12	2	3	27	0.1111111	
	2010	13	1	14	61	0.2295082	
	2010	13	2	3	31	0.09677419	
	2010	14	1	17	87	0.1954023	
	2010	14	2	8	33	0.2424242	
	2010	15	1	18	94	0.1914894	
	2010	15	2	10	44	0.2272727	
	2010	16	1	35	149	0.2348993	
	2010	16	2	13	64	0.203125	
	2010	17	1	44	146	0.3013699	
	2010	17	2	25	86	0.2906977	
	2010	18	1	52	143	0.3636364	
	2010	18	2	23	92	0.25	
	2010	19	1	27	71	0.3802817	
	2010	19	2	7	47	0.1489362	
	2010	20	1	9	26	0.3461538	
	2010	20	2	5	19	0.2631579	
	2011	1	1	0	11	0	
	2011	1	2	0	17	0	
	2011	2	1	1	4	0.25	
	2011	2	2	0	6	0	
	2011	3	1	0	3	0	
	2011	3	2	0	3	0	
	2011	4	1	2	8	0.25	
	2011	4	2	0	4	0	
	2011	5	1	0	11	0	
	2011	5	2	0	7	0	
	2011	6	1	0	14	0	
	2011	6	2	0	2	0	
	2011	7	1	0	7	0	
	2011	7	2	1	3	0.3333333	
	2011	8	1	0	13	0	
	2011	8	2	1	4	0.25	
	2011	9	1	1	16	0.0625	
	2011	9	2	3	6	0.5	
	2011	10	1	3	24	0.125	
	2011	10	2	0	7	0	
	2011	11	1	2	27	0.07407407	
	2011	11	2	0	14	0	
	2011	12	1	6	57	0.1052632	
	2011	12	2	2	28	0.07142857	
	2011	13	1	7	41	0.1707317	
	2011	13	2	6	26	0.2307692	
	2011	14	1	15	103	0.1456311	
	2011	14	2	2	20	0.1	
	2011	15	1	30	102	0.2941176	
	2011	15	2	8	46	0.173913	
	2011	16	1	44	162	0.2716049	
	2011	16	2	13	58	0.2241379	
	2011	17	1	46	173	0.265896	
	2011	17	2	15	87	0.1724138	
	2011	18	1	41	161	0.2546584	
	2011	18	2	23	78	0.2948718	
	2011	19	1	21	71	0.2957746	
	2011	19	2	17	57	0.2982456	
	2011	20	1	7	13	0.5384615	
	2011	20	2	9	14	0.6428571	
	2012	1	1	1	13	0.07692308	
	2012	1	2	0	7	0	
	2012	2	1	0	4	0	
	2012	3	1	0	3	0	
	2012	3	2	0	2	0	
	2012	4	1	0	5	0	
	2012	4	2	0	5	0	
	2012	5	1	1	9	0.1111111	
	2012	5	2	1	2	0.5	
	2012	6	1	1	11	0.09090909	
	2012	6	2	0	3	0	
	2012	7	1	1	7	0.1428571	
	2012	7	2	0	5	0	
	2012	8	1	0	17	0	
	2012	8	2	0	5	0	
	2012	9	1	3	9	0.3333333	
	2012	9	2	0	5	0	
	2012	10	1	0	25	0	
	2012	10	2	0	7	0	
	2012	11	1	5	36	0.1388889	
	2012	11	2	1	17	0.05882353	
	2012	12	1	2	51	0.03921569	
	2012	12	2	1	28	0.03571429	
	2012	13	1	9	50	0.18	
	2012	13	2	4	23	0.173913	
	2012	14	1	18	97	0.185567	
	2012	14	2	10	33	0.3030303	
	2012	15	1	20	98	0.2040816	
	2012	15	2	4	34	0.1176471	
	2012	16	1	35	137	0.2554745	
	2012	16	2	15	51	0.2941176	
	2012	17	1	33	161	0.2049689	
	2012	17	2	14	88	0.1590909	
	2012	18	1	35	134	0.261194	
	2012	18	2	23	102	0.2254902	
	2012	19	1	19	64	0.296875	
	2012	19	2	13	61	0.2131148	
	2012	20	1	4	12	0.3333333	
	2012	20	2	5	23	0.2173913	
	2013	1	1	0	12	0	
	2013	1	2	0	14	0	
	2013	2	2	0	3	0	
	2013	3	1	0	5	0	
	2013	3	2	0	2	0	
	2013	4	1	0	5	0	
	2013	4	2	0	3	0	
	2013	5	1	1	8	0.125	
	2013	5	2	0	4	0	
	2013	6	1	0	3	0	
	2013	6	2	0	1	0	
	2013	7	1	1	5	0.2	
	2013	7	2	1	6	0.1666667	
	2013	8	1	0	10	0	
	2013	8	2	1	3	0.3333333	
	2013	9	1	0	20	0	
	2013	9	2	1	12	0.08333333	
	2013	10	1	2	23	0.08695652	
	2013	10	2	1	6	0.1666667	
	2013	11	1	5	28	0.1785714	
	2013	11	2	1	15	0.06666667	
	2013	12	1	6	35	0.1714286	
	2013	12	2	4	18	0.2222222	
	2013	13	1	14	62	0.2258065	
	2013	13	2	4	31	0.1290323	
	2013	14	1	10	71	0.1408451	
	2013	14	2	6	44	0.1363636	
	2013	15	1	20	101	0.1980198	
	2013	15	2	5	40	0.125	
	2013	16	1	34	136	0.25	
	2013	16	2	6	47	0.1276596	
	2013	17	1	47	174	0.2701149	
	2013	17	2	14	93	0.1505376	
	2013	18	1	61	172	0.3546512	
	2013	18	2	26	105	0.247619	
	2013	19	1	25	85	0.2941176	
	2013	19	2	14	64	0.21875	
	2013	20	1	6	20	0.3	
	2013	20	2	5	17	0.2941176	
	2014	1	1	0	17	0	
	2014	1	2	0	17	0	
	2014	2	1	0	1	0	
	2014	2	2	0	2	0	
	2014	3	1	0	4	0	
	2014	3	2	0	2	0	
	2014	4	1	0	16	0	
	2014	4	2	0	2	0	
	2014	5	1	0	7	0	
	2014	5	2	0	1	0	
	2014	6	1	0	8	0	
	2014	6	2	0	4	0	
	2014	7	1	0	5	0	
	2014	7	2	1	5	0.2	
	2014	8	1	0	15	0	
	2014	8	2	0	4	0	
	2014	9	1	2	15	0.1333333	
	2014	9	2	1	6	0.1666667	
	2014	10	1	2	14	0.1428571	
	2014	10	2	1	11	0.09090909	
	2014	11	1	2	37	0.05405405	
	2014	11	2	0	11	0	
	2014	12	1	4	27	0.1481481	
	2014	12	2	4	19	0.2105263	
	2014	13	1	8	68	0.1176471	
	2014	13	2	5	31	0.1612903	
	2014	14	1	14	83	0.1686747	
	2014	14	2	5	45	0.1111111	
	2014	15	1	19	102	0.1862745	
	2014	15	2	7	57	0.122807	
	2014	16	1	31	163	0.190184	
	2014	16	2	6	61	0.09836066	
	2014	17	1	48	189	0.2539683	
	2014	17	2	26	91	0.2857143	
	2014	18	1	48	194	0.2474227	
	2014	18	2	17	119	0.1428571	
	2014	19	1	39	110	0.3545455	
	2014	19	2	20	79	0.2531646	
	2014	20	1	4	16	0.25	
	2014	20	2	5	29	0.1724138	
	2015	1	1	1	17	0.05882353	
	2015	1	2	0	14	0	
	2015	2	1	0	1	0	
	2015	2	2	0	4	0	
	2015	3	1	0	7	0	
	2015	3	2	0	3	0	
	2015	4	1	0	7	0	
	2015	4	2	0	6	0	
	2015	5	1	0	12	0	
	2015	5	2	0	5	0	
	2015	6	1	1	16	0.0625	
	2015	6	2	0	6	0	
	2015	7	1	0	11	0	
	2015	7	2	0	7	0	
	2015	8	1	0	13	0	
	2015	8	2	0	7	0	
	2015	9	1	1	20	0.05	
	2015	9	2	0	4	0	
	2015	10	1	5	36	0.1388889	
	2015	10	2	3	10	0.3	
	2015	11	1	2	38	0.05263158	
	2015	11	2	1	17	0.05882353	
	2015	12	1	2	45	0.04444444	
	2015	12	2	1	26	0.03846154	
	2015	13	1	7	62	0.1129032	
	2015	13	2	5	27	0.1851852	
	2015	14	1	10	77	0.1298701	
	2015	14	2	5	33	0.1515152	
	2015	15	1	28	119	0.2352941	
	2015	15	2	9	54	0.1666667	
	2015	16	1	27	178	0.1516854	
	2015	16	2	13	72	0.1805556	
	2015	17	1	49	216	0.2268519	
	2015	17	2	15	90	0.1666667	
	2015	18	1	54	180	0.3	
	2015	18	2	30	110	0.2727273	
	2015	19	1	25	102	0.245098	
	2015	19	2	19	85	0.2235294	
	2015	20	1	5	28	0.1785714	
	2015	20	2	11	24	0.4583333	
	2016	1	1	0	11	0	
	2016	1	2	0	5	0	
	2016	2	1	0	2	0	
	2016	2	2	0	5	0	
	2016	3	1	0	4	0	
	2016	3	2	0	8	0	
	2016	4	1	0	3	0	
	2016	4	2	0	2	0	
	2016	5	1	1	11	0.09090909	
	2016	5	2	1	6	0.1666667	
	2016	6	1	0	12	0	
	2016	6	2	0	1	0	
	2016	7	1	0	7	0	
	2016	7	2	0	6	0	
	2016	8	1	0	11	0	
	2016	8	2	0	5	0	
	2016	9	1	1	15	0.06666667	
	2016	9	2	0	3	0	
	2016	10	1	1	26	0.03846154	
	2016	10	2	0	13	0	
	2016	11	1	2	42	0.04761905	
	2016	11	2	1	9	0.1111111	
	2016	12	1	8	50	0.16	
	2016	12	2	2	14	0.1428571	
	2016	13	1	1	64	0.015625	
	2016	13	2	3	24	0.125	
	2016	14	1	9	96	0.09375	
	2016	14	2	6	45	0.1333333	
	2016	15	1	25	160	0.15625	
	2016	15	2	11	73	0.1506849	
	2016	16	1	32	178	0.1797753	
	2016	16	2	16	76	0.2105263	
	2016	17	1	52	229	0.2270742	
	2016	17	2	18	113	0.159292	
	2016	18	1	56	200	0.28	
	2016	18	2	30	111	0.2702703	
	2016	19	1	32	118	0.2711864	
	2016	19	2	32	90	0.3555556	
	2016	20	1	10	30	0.3333333	
	2016	20	2	10	26	0.3846154	
	2017	1	1	0	13	0	
	2017	1	2	0	9	0	
	2017	2	1	0	3	0	
	2017	2	2	0	2	0	
	2017	3	1	0	4	0	
	2017	3	2	0	2	0	
	2017	4	1	0	8	0	
	2017	4	2	1	6	0.1666667	
	2017	5	1	1	18	0.05555556	
	2017	5	2	0	3	0	
	2017	6	1	1	15	0.06666667	
	2017	6	2	0	6	0	
	2017	7	1	0	11	0	
	2017	7	2	0	2	0	
	2017	8	1	1	9	0.1111111	
	2017	8	2	0	3	0	
	2017	9	1	1	23	0.04347826	
	2017	9	2	0	6	0	
	2017	10	1	1	29	0.03448276	
	2017	10	2	3	16	0.1875	
	2017	11	1	3	33	0.09090909	
	2017	11	2	3	22	0.1363636	
	2017	12	1	4	43	0.09302326	
	2017	12	2	2	17	0.1176471	
	2017	13	1	10	72	0.1388889	
	2017	13	2	3	21	0.1428571	
	2017	14	1	22	115	0.1913043	
	2017	14	2	8	58	0.137931	
	2017	15	1	23	159	0.1446541	
	2017	15	2	15	61	0.2459016	
	2017	16	1	40	192	0.2083333	
	2017	16	2	10	67	0.1492537	
	2017	17	1	45	221	0.2036199	
	2017	17	2	21	104	0.2019231	
	2017	18	1	49	205	0.2390244	
	2017	18	2	30	126	0.2380952	
	2017	19	1	30	110	0.2727273	
	2017	19	2	20	69	0.2898551	
	2017	20	1	8	27	0.2962963	
	2017	20	2	5	28	0.1785714	
	2018	1	1	0	13	0	
	2018	1	2	1	9	0.1111111	
	2018	2	1	0	5	0	
	2018	2	2	0	4	0	
	2018	3	1	1	4	0.25	
	2018	3	2	0	3	0	
	2018	4	1	1	15	0.06666667	
	2018	4	2	0	3	0	
	2018	5	1	0	10	0	
	2018	5	2	0	7	0	
	2018	6	1	0	17	0	
	2018	6	2	1	10	0.1	
	2018	7	1	0	8	0	
	2018	7	2	1	7	0.1428571	
	2018	8	1	0	10	0	
	2018	8	2	0	8	0	
	2018	9	1	2	17	0.1176471	
	2018	9	2	0	5	0	
	2018	10	1	1	28	0.03571429	
	2018	10	2	1	14	0.07142857	
	2018	11	1	5	46	0.1086957	
	2018	11	2	2	19	0.1052632	
	2018	12	1	7	58	0.1206897	
	2018	12	2	3	24	0.125	
	2018	13	1	9	67	0.1343284	
	2018	13	2	8	34	0.2352941	
	2018	14	1	14	79	0.1772152	
	2018	14	2	6	39	0.1538462	
	2018	15	1	30	156	0.1923077	
	2018	15	2	9	56	0.1607143	
	2018	16	1	29	174	0.1666667	
	2018	16	2	11	75	0.1466667	
	2018	17	1	54	256	0.2109375	
	2018	17	2	25	100	0.25	
	2018	18	1	47	250	0.188	
	2018	18	2	19	116	0.1637931	
	2018	19	1	22	91	0.2417582	
	2018	19	2	23	96	0.2395833	
	2018	20	1	6	23	0.2608696	
	2018	20	2	9	48	0.1875	
	2019	1	1	0	11	0	
	2019	1	2	0	11	0	
	2019	2	1	0	5	0	
	2019	2	2	0	10	0	
	2019	3	1	0	6	0	
	2019	3	2	2	14	0.1428571	
	2019	4	1	0	3	0	
	2019	4	2	1	7	0.1428571	
	2019	5	1	0	11	0	
	2019	5	2	0	6	0	
	2019	6	1	0	9	0	
	2019	6	2	0	6	0	
	2019	7	1	0	15	0	
	2019	7	2	0	3	0	
	2019	8	1	0	5	0	
	2019	8	2	0	5	0	
	2019	9	1	1	18	0.05555556	
	2019	9	2	2	5	0.4	
	2019	10	1	1	30	0.03333333	
	2019	10	2	0	12	0	
	2019	11	1	4	44	0.09090909	
	2019	11	2	0	22	0	
	2019	12	1	8	52	0.1538462	
	2019	12	2	2	28	0.07142857	
	2019	13	1	8	53	0.1509434	
	2019	13	2	2	21	0.0952381	
	2019	14	1	11	98	0.1122449	
	2019	14	2	6	41	0.1463415	
	2019	15	1	21	156	0.1346154	
	2019	15	2	11	72	0.1527778	
	2019	16	1	34	179	0.1899441	
	2019	16	2	14	93	0.1505376	
	2019	17	1	54	230	0.2347826	
	2019	17	2	19	98	0.1938776	
	2019	18	1	51	193	0.2642487	
	2019	18	2	29	124	0.233871	
	2019	19	1	51	129	0.3953488	
	2019	19	2	21	106	0.1981132	
	2019	20	1	9	35	0.2571429	
	2019	20	2	12	50	0.24	
