
	I2_09_M Versteifung der Wirbelsäule oder Wirbelkörperersatz, 2 Wirbelkörper (ohne Tumor, Trauma, komplexe Rekonstitutionen), Mortalität // Raidissement de la colonne vertébrale ou remplacement de corps vertébral, 2 corps vértebraux (sans tumeur, traumatisme, réparations complexes), mortalité // Fusione spinale o sostituzione di vertebre, 2 vertebre (senza tumore, trauma o ricostruzioni complesse), mortalità
	BAG/OFSP/UFSP - CH-IQI Version V5-2 - Daten 2019 - 21. April 2021

	Jahr	AltEGrp	Sex	DeathCH	CasesCH	pCH	
	2011	1	2	0	1	0	
	2011	2	1	0	1	0	
	2011	2	2	0	3	0	
	2011	3	1	0	2	0	
	2011	3	2	0	5	0	
	2011	4	1	0	4	0	
	2011	4	2	0	6	0	
	2011	5	1	0	2	0	
	2011	5	2	0	2	0	
	2011	6	1	0	11	0	
	2011	6	2	0	6	0	
	2011	7	1	0	8	0	
	2011	7	2	0	18	0	
	2011	8	1	0	25	0	
	2011	8	2	0	25	0	
	2011	9	1	0	49	0	
	2011	9	2	0	74	0	
	2011	10	1	0	75	0	
	2011	10	2	0	76	0	
	2011	11	1	0	82	0	
	2011	11	2	0	103	0	
	2011	12	1	0	83	0	
	2011	12	2	0	128	0	
	2011	13	1	0	106	0	
	2011	13	2	0	156	0	
	2011	14	1	0	106	0	
	2011	14	2	0	164	0	
	2011	15	1	1	89	0.01123596	
	2011	15	2	0	201	0	
	2011	16	1	0	78	0	
	2011	16	2	0	175	0	
	2011	17	1	1	32	0.03125	
	2011	17	2	1	58	0.01724138	
	2011	18	1	0	3	0	
	2011	18	2	0	24	0	
	2011	19	1	0	3	0	
	2011	19	2	0	4	0	
	2012	1	1	0	1	0	
	2012	2	1	0	2	0	
	2012	2	2	0	1	0	
	2012	3	2	0	4	0	
	2012	4	1	0	2	0	
	2012	4	2	0	6	0	
	2012	5	1	0	2	0	
	2012	5	2	0	6	0	
	2012	6	1	0	4	0	
	2012	6	2	0	8	0	
	2012	7	1	0	20	0	
	2012	7	2	0	20	0	
	2012	8	1	0	16	0	
	2012	8	2	0	33	0	
	2012	9	1	0	50	0	
	2012	9	2	0	60	0	
	2012	10	1	0	66	0	
	2012	10	2	0	92	0	
	2012	11	1	0	91	0	
	2012	11	2	0	117	0	
	2012	12	1	0	111	0	
	2012	12	2	0	116	0	
	2012	13	1	0	109	0	
	2012	13	2	1	130	0.007692308	
	2012	14	1	2	98	0.02040816	
	2012	14	2	0	164	0	
	2012	15	1	0	98	0	
	2012	15	2	1	166	0.006024096	
	2012	16	1	0	85	0	
	2012	16	2	1	138	0.007246377	
	2012	17	1	0	48	0	
	2012	17	2	0	62	0	
	2012	18	1	0	10	0	
	2012	18	2	0	17	0	
	2012	19	2	0	1	0	
	2013	1	1	0	1	0	
	2013	1	2	0	2	0	
	2013	2	1	0	1	0	
	2013	2	2	0	1	0	
	2013	3	1	0	2	0	
	2013	3	2	0	5	0	
	2013	4	1	0	2	0	
	2013	4	2	0	10	0	
	2013	5	1	0	2	0	
	2013	5	2	0	2	0	
	2013	6	1	0	12	0	
	2013	6	2	0	9	0	
	2013	7	1	0	9	0	
	2013	7	2	0	21	0	
	2013	8	1	0	18	0	
	2013	8	2	0	22	0	
	2013	9	1	0	38	0	
	2013	9	2	0	60	0	
	2013	10	1	1	85	0.01176471	
	2013	10	2	0	94	0	
	2013	11	1	0	87	0	
	2013	11	2	0	135	0	
	2013	12	1	0	117	0	
	2013	12	2	0	134	0	
	2013	13	1	0	107	0	
	2013	13	2	0	147	0	
	2013	14	1	0	110	0	
	2013	14	2	0	204	0	
	2013	15	1	0	106	0	
	2013	15	2	0	144	0	
	2013	16	1	2	96	0.02083333	
	2013	16	2	1	157	0.006369427	
	2013	17	1	1	54	0.01851852	
	2013	17	2	1	67	0.01492537	
	2013	18	1	0	9	0	
	2013	18	2	0	17	0	
	2013	19	1	0	1	0	
	2014	2	1	0	3	0	
	2014	2	2	0	1	0	
	2014	3	1	0	2	0	
	2014	3	2	0	1	0	
	2014	4	1	0	5	0	
	2014	4	2	0	3	0	
	2014	5	1	0	1	0	
	2014	5	2	0	4	0	
	2014	6	1	0	5	0	
	2014	6	2	0	8	0	
	2014	7	1	0	17	0	
	2014	7	2	0	13	0	
	2014	8	1	0	23	0	
	2014	8	2	0	26	0	
	2014	9	1	0	46	0	
	2014	9	2	0	53	0	
	2014	10	1	0	85	0	
	2014	10	2	0	94	0	
	2014	11	1	0	118	0	
	2014	11	2	0	128	0	
	2014	12	1	0	122	0	
	2014	12	2	0	142	0	
	2014	13	1	0	114	0	
	2014	13	2	0	124	0	
	2014	14	1	0	142	0	
	2014	14	2	1	182	0.005494505	
	2014	15	1	0	131	0	
	2014	15	2	0	197	0	
	2014	16	1	0	94	0	
	2014	16	2	0	193	0	
	2014	17	1	0	59	0	
	2014	17	2	0	104	0	
	2014	18	1	0	8	0	
	2014	18	2	0	23	0	
	2014	19	1	0	1	0	
	2014	19	2	0	1	0	
	2015	1	1	0	1	0	
	2015	2	2	0	2	0	
	2015	3	1	0	5	0	
	2015	3	2	0	2	0	
	2015	4	1	0	3	0	
	2015	4	2	0	8	0	
	2015	5	1	0	5	0	
	2015	5	2	0	5	0	
	2015	6	1	0	2	0	
	2015	6	2	0	8	0	
	2015	7	1	0	19	0	
	2015	7	2	0	14	0	
	2015	8	1	0	44	0	
	2015	8	2	0	18	0	
	2015	9	1	0	56	0	
	2015	9	2	0	60	0	
	2015	10	1	0	87	0	
	2015	10	2	0	116	0	
	2015	11	1	0	134	0	
	2015	11	2	0	135	0	
	2015	12	1	0	149	0	
	2015	12	2	0	155	0	
	2015	13	1	0	127	0	
	2015	13	2	0	158	0	
	2015	14	1	0	139	0	
	2015	14	2	0	173	0	
	2015	15	1	0	145	0	
	2015	15	2	0	266	0	
	2015	16	1	0	93	0	
	2015	16	2	0	196	0	
	2015	17	1	0	63	0	
	2015	17	2	0	91	0	
	2015	18	1	0	19	0	
	2015	18	2	0	29	0	
	2015	19	1	0	3	0	
	2015	19	2	0	4	0	
	2016	1	1	0	3	0	
	2016	2	1	0	1	0	
	2016	2	2	0	2	0	
	2016	3	1	0	2	0	
	2016	3	2	0	2	0	
	2016	4	1	0	3	0	
	2016	5	2	0	1	0	
	2016	6	1	0	6	0	
	2016	6	2	0	5	0	
	2016	7	1	0	13	0	
	2016	7	2	0	21	0	
	2016	8	1	0	33	0	
	2016	8	2	0	25	0	
	2016	9	1	0	45	0	
	2016	9	2	0	60	0	
	2016	10	1	0	85	0	
	2016	10	2	0	118	0	
	2016	11	1	0	119	0	
	2016	11	2	0	152	0	
	2016	12	1	0	170	0	
	2016	12	2	0	152	0	
	2016	13	1	0	127	0	
	2016	13	2	0	158	0	
	2016	14	1	0	142	0	
	2016	14	2	0	166	0	
	2016	15	1	0	127	0	
	2016	15	2	0	251	0	
	2016	16	1	0	128	0	
	2016	16	2	0	197	0	
	2016	17	1	0	59	0	
	2016	17	2	0	110	0	
	2016	18	1	0	16	0	
	2016	18	2	2	27	0.07407407	
	2016	19	1	0	3	0	
	2016	19	2	0	2	0	
	2017	1	2	0	1	0	
	2017	3	1	0	2	0	
	2017	3	2	0	6	0	
	2017	4	1	0	1	0	
	2017	4	2	1	8	0.125	
	2017	5	1	0	7	0	
	2017	5	2	0	5	0	
	2017	6	1	0	10	0	
	2017	6	2	0	10	0	
	2017	7	1	0	14	0	
	2017	7	2	0	15	0	
	2017	8	1	0	34	0	
	2017	8	2	0	20	0	
	2017	9	1	0	48	0	
	2017	9	2	0	49	0	
	2017	10	1	0	75	0	
	2017	10	2	0	109	0	
	2017	11	1	0	113	0	
	2017	11	2	0	165	0	
	2017	12	1	0	167	0	
	2017	12	2	0	166	0	
	2017	13	1	0	133	0	
	2017	13	2	0	155	0	
	2017	14	1	0	122	0	
	2017	14	2	1	166	0.006024096	
	2017	15	1	0	143	0	
	2017	15	2	0	255	0	
	2017	16	1	0	101	0	
	2017	16	2	0	186	0	
	2017	17	1	0	42	0	
	2017	17	2	0	117	0	
	2017	18	1	0	15	0	
	2017	18	2	0	30	0	
	2017	19	1	0	3	0	
	2017	19	2	0	4	0	
	2017	20	2	0	2	0	
	2018	1	2	0	1	0	
	2018	2	2	0	1	0	
	2018	3	1	0	1	0	
	2018	4	1	0	1	0	
	2018	4	2	0	5	0	
	2018	5	1	0	2	0	
	2018	5	2	0	3	0	
	2018	6	1	0	11	0	
	2018	6	2	0	7	0	
	2018	7	1	0	14	0	
	2018	7	2	0	14	0	
	2018	8	1	0	35	0	
	2018	8	2	0	31	0	
	2018	9	1	0	48	0	
	2018	9	2	0	53	0	
	2018	10	1	0	82	0	
	2018	10	2	0	116	0	
	2018	11	1	0	102	0	
	2018	11	2	0	142	0	
	2018	12	1	0	168	0	
	2018	12	2	0	173	0	
	2018	13	1	1	146	0.006849315	
	2018	13	2	0	163	0	
	2018	14	1	0	135	0	
	2018	14	2	0	187	0	
	2018	15	1	0	169	0	
	2018	15	2	1	258	0.003875969	
	2018	16	1	0	125	0	
	2018	16	2	0	199	0	
	2018	17	1	1	73	0.01369863	
	2018	17	2	0	122	0	
	2018	18	1	0	11	0	
	2018	18	2	0	34	0	
	2018	19	1	0	3	0	
	2018	19	2	0	3	0	
	2019	2	2	0	4	0	
	2019	3	1	0	1	0	
	2019	3	2	0	2	0	
	2019	4	1	0	4	0	
	2019	4	2	0	3	0	
	2019	5	1	0	7	0	
	2019	5	2	0	8	0	
	2019	6	1	0	11	0	
	2019	6	2	0	9	0	
	2019	7	1	0	16	0	
	2019	7	2	0	13	0	
	2019	8	1	0	42	0	
	2019	8	2	0	18	0	
	2019	9	1	0	52	0	
	2019	9	2	0	51	0	
	2019	10	1	0	70	0	
	2019	10	2	0	99	0	
	2019	11	1	0	151	0	
	2019	11	2	0	158	0	
	2019	12	1	0	188	0	
	2019	12	2	0	159	0	
	2019	13	1	0	154	0	
	2019	13	2	0	171	0	
	2019	14	1	0	138	0	
	2019	14	2	0	174	0	
	2019	15	1	0	167	0	
	2019	15	2	0	230	0	
	2019	16	1	0	141	0	
	2019	16	2	0	225	0	
	2019	17	1	0	65	0	
	2019	17	2	1	124	0.008064516	
	2019	18	1	0	27	0	
	2019	18	2	0	33	0	
	2019	19	1	0	2	0	
	2019	19	2	0	3	0	
