
	J2_04_M ND Sepsis, Mortalität // DS septicémie, mortalité // DS sepsi, mortalità
	BAG/OFSP/UFSP - CH-IQI Version V5-2 - Daten 2019 - 21. April 2021

	Jahr	AltEGrp	Sex	DeathCH	CasesCH	pCH	
	2008	1	1	4	49	0.08163265	
	2008	1	2	7	39	0.1794872	
	2008	2	1	0	11	0	
	2008	2	2	1	9	0.1111111	
	2008	3	1	0	7	0	
	2008	3	2	0	9	0	
	2008	4	1	2	15	0.1333333	
	2008	4	2	0	17	0	
	2008	5	1	2	18	0.1111111	
	2008	5	2	2	20	0.1	
	2008	6	1	1	32	0.03125	
	2008	6	2	3	25	0.12	
	2008	7	1	4	36	0.1111111	
	2008	7	2	6	36	0.1666667	
	2008	8	1	9	48	0.1875	
	2008	8	2	7	57	0.122807	
	2008	9	1	10	61	0.1639344	
	2008	9	2	6	60	0.1	
	2008	10	1	20	105	0.1904762	
	2008	10	2	9	65	0.1384615	
	2008	11	1	23	121	0.1900826	
	2008	11	2	15	82	0.1829268	
	2008	12	1	47	208	0.2259615	
	2008	12	2	27	132	0.2045455	
	2008	13	1	66	280	0.2357143	
	2008	13	2	42	166	0.253012	
	2008	14	1	82	324	0.2530864	
	2008	14	2	46	175	0.2628571	
	2008	15	1	100	331	0.3021148	
	2008	15	2	48	217	0.2211982	
	2008	16	1	103	353	0.2917847	
	2008	16	2	78	271	0.2878229	
	2008	17	1	105	305	0.3442623	
	2008	17	2	82	257	0.3190661	
	2008	18	1	80	183	0.4371585	
	2008	18	2	51	164	0.3109756	
	2008	19	1	14	38	0.3684211	
	2008	19	2	18	55	0.3272727	
	2008	20	1	4	8	0.5	
	2008	20	2	11	22	0.5	
	2009	1	1	6	59	0.1016949	
	2009	1	2	5	39	0.1282051	
	2009	2	1	0	11	0	
	2009	2	2	1	7	0.1428571	
	2009	3	1	1	6	0.1666667	
	2009	3	2	2	16	0.125	
	2009	4	1	1	22	0.04545455	
	2009	4	2	1	23	0.04347826	
	2009	5	1	3	30	0.1	
	2009	5	2	1	26	0.03846154	
	2009	6	1	4	35	0.1142857	
	2009	6	2	1	32	0.03125	
	2009	7	1	4	30	0.1333333	
	2009	7	2	5	47	0.106383	
	2009	8	1	4	45	0.08888889	
	2009	8	2	2	50	0.04	
	2009	9	1	16	93	0.172043	
	2009	9	2	5	60	0.08333333	
	2009	10	1	23	126	0.1825397	
	2009	10	2	13	80	0.1625	
	2009	11	1	34	166	0.2048193	
	2009	11	2	16	87	0.183908	
	2009	12	1	35	202	0.1732673	
	2009	12	2	24	128	0.1875	
	2009	13	1	71	287	0.2473868	
	2009	13	2	30	157	0.1910828	
	2009	14	1	80	318	0.2515723	
	2009	14	2	49	197	0.248731	
	2009	15	1	108	357	0.302521	
	2009	15	2	64	256	0.25	
	2009	16	1	144	487	0.2956879	
	2009	16	2	89	262	0.3396947	
	2009	17	1	119	352	0.3380682	
	2009	17	2	105	304	0.3453947	
	2009	18	1	72	188	0.3829787	
	2009	18	2	74	221	0.3348416	
	2009	19	1	20	52	0.3846154	
	2009	19	2	26	66	0.3939394	
	2009	20	1	2	6	0.3333333	
	2009	20	2	6	15	0.4	
	2010	1	1	7	102	0.06862745	
	2010	1	2	11	77	0.1428571	
	2010	2	1	0	14	0	
	2010	2	2	1	11	0.09090909	
	2010	3	1	2	16	0.125	
	2010	3	2	1	10	0.1	
	2010	4	1	4	27	0.1481481	
	2010	4	2	2	25	0.08	
	2010	5	1	0	30	0	
	2010	5	2	1	24	0.04166667	
	2010	6	1	2	31	0.06451613	
	2010	6	2	4	41	0.09756098	
	2010	7	1	1	28	0.03571429	
	2010	7	2	5	55	0.09090909	
	2010	8	1	5	49	0.1020408	
	2010	8	2	3	57	0.05263158	
	2010	9	1	18	106	0.1698113	
	2010	9	2	10	78	0.1282051	
	2010	10	1	20	138	0.1449275	
	2010	10	2	11	81	0.1358025	
	2010	11	1	32	176	0.1818182	
	2010	11	2	22	115	0.1913043	
	2010	12	1	61	303	0.2013201	
	2010	12	2	30	154	0.1948052	
	2010	13	1	72	341	0.2111437	
	2010	13	2	41	190	0.2157895	
	2010	14	1	102	442	0.2307692	
	2010	14	2	54	227	0.2378855	
	2010	15	1	134	451	0.2971175	
	2010	15	2	68	301	0.2259136	
	2010	16	1	131	467	0.2805139	
	2010	16	2	93	334	0.2784431	
	2010	17	1	138	392	0.3520408	
	2010	17	2	124	335	0.3701493	
	2010	18	1	72	211	0.3412322	
	2010	18	2	79	215	0.3674419	
	2010	19	1	15	52	0.2884615	
	2010	19	2	28	78	0.3589744	
	2010	20	1	5	10	0.5	
	2010	20	2	11	25	0.44	
	2011	1	1	17	136	0.125	
	2011	1	2	6	98	0.06122449	
	2011	2	1	2	15	0.1333333	
	2011	2	2	0	17	0	
	2011	3	1	1	18	0.05555556	
	2011	3	2	0	14	0	
	2011	4	1	3	33	0.09090909	
	2011	4	2	2	44	0.04545455	
	2011	5	1	3	23	0.1304348	
	2011	5	2	2	22	0.09090909	
	2011	6	1	6	38	0.1578947	
	2011	6	2	2	60	0.03333333	
	2011	7	1	5	47	0.106383	
	2011	7	2	1	69	0.01449275	
	2011	8	1	9	67	0.1343284	
	2011	8	2	6	80	0.075	
	2011	9	1	12	134	0.08955224	
	2011	9	2	13	78	0.1666667	
	2011	10	1	26	148	0.1756757	
	2011	10	2	19	96	0.1979167	
	2011	11	1	34	202	0.1683168	
	2011	11	2	18	138	0.1304348	
	2011	12	1	57	287	0.1986063	
	2011	12	2	41	186	0.2204301	
	2011	13	1	94	391	0.2404092	
	2011	13	2	36	212	0.1698113	
	2011	14	1	118	531	0.2222222	
	2011	14	2	81	289	0.2802768	
	2011	15	1	151	524	0.2881679	
	2011	15	2	74	324	0.2283951	
	2011	16	1	175	554	0.3158845	
	2011	16	2	89	379	0.2348285	
	2011	17	1	145	476	0.3046218	
	2011	17	2	129	400	0.3225	
	2011	18	1	100	296	0.3378378	
	2011	18	2	99	250	0.396	
	2011	19	1	21	76	0.2763158	
	2011	19	2	36	96	0.375	
	2011	20	1	4	12	0.3333333	
	2011	20	2	8	22	0.3636364	
	2012	1	1	8	156	0.05128205	
	2012	1	2	11	115	0.09565217	
	2012	2	1	0	13	0	
	2012	2	2	0	4	0	
	2012	3	1	2	17	0.1176471	
	2012	3	2	3	18	0.1666667	
	2012	4	1	3	33	0.09090909	
	2012	4	2	0	33	0	
	2012	5	1	7	44	0.1590909	
	2012	5	2	4	46	0.08695652	
	2012	6	1	2	44	0.04545455	
	2012	6	2	5	59	0.08474576	
	2012	7	1	8	63	0.1269841	
	2012	7	2	3	66	0.04545455	
	2012	8	1	5	75	0.06666667	
	2012	8	2	6	80	0.075	
	2012	9	1	15	94	0.1595745	
	2012	9	2	13	89	0.1460674	
	2012	10	1	17	123	0.1382114	
	2012	10	2	16	106	0.1509434	
	2012	11	1	45	233	0.193133	
	2012	11	2	19	130	0.1461538	
	2012	12	1	77	358	0.2150838	
	2012	12	2	36	180	0.2	
	2012	13	1	112	472	0.2372881	
	2012	13	2	55	244	0.2254098	
	2012	14	1	151	585	0.2581197	
	2012	14	2	59	295	0.2	
	2012	15	1	148	596	0.2483221	
	2012	15	2	97	397	0.2443325	
	2012	16	1	190	681	0.2790015	
	2012	16	2	129	428	0.3014019	
	2012	17	1	171	571	0.2994746	
	2012	17	2	136	435	0.3126437	
	2012	18	1	88	314	0.2802548	
	2012	18	2	104	302	0.3443709	
	2012	19	1	44	108	0.4074074	
	2012	19	2	53	135	0.3925926	
	2012	20	1	10	18	0.5555556	
	2012	20	2	9	21	0.4285714	
	2013	1	1	14	158	0.08860759	
	2013	1	2	15	141	0.106383	
	2013	2	1	4	18	0.2222222	
	2013	2	2	2	13	0.1538462	
	2013	3	1	2	15	0.1333333	
	2013	3	2	0	15	0	
	2013	4	1	3	42	0.07142857	
	2013	4	2	2	40	0.05	
	2013	5	1	4	40	0.1	
	2013	5	2	2	53	0.03773585	
	2013	6	1	1	49	0.02040816	
	2013	6	2	1	64	0.015625	
	2013	7	1	6	62	0.09677419	
	2013	7	2	3	79	0.03797468	
	2013	8	1	7	76	0.09210526	
	2013	8	2	2	82	0.02439024	
	2013	9	1	21	129	0.1627907	
	2013	9	2	8	106	0.0754717	
	2013	10	1	28	219	0.1278539	
	2013	10	2	15	124	0.1209677	
	2013	11	1	50	257	0.1945525	
	2013	11	2	24	181	0.1325967	
	2013	12	1	70	382	0.1832461	
	2013	12	2	44	197	0.2233503	
	2013	13	1	94	517	0.1818182	
	2013	13	2	41	249	0.1646586	
	2013	14	1	161	696	0.2313218	
	2013	14	2	70	366	0.1912568	
	2013	15	1	163	740	0.2202703	
	2013	15	2	88	421	0.2090261	
	2013	16	1	190	727	0.261348	
	2013	16	2	108	477	0.2264151	
	2013	17	1	178	663	0.2684766	
	2013	17	2	135	491	0.2749491	
	2013	18	1	118	379	0.3113456	
	2013	18	2	130	409	0.3178484	
	2013	19	1	46	137	0.3357664	
	2013	19	2	40	125	0.32	
	2013	20	1	6	19	0.3157895	
	2013	20	2	10	27	0.3703704	
	2014	1	1	24	287	0.08362369	
	2014	1	2	10	180	0.05555556	
	2014	2	1	1	21	0.04761905	
	2014	2	2	0	19	0	
	2014	3	1	0	25	0	
	2014	3	2	0	23	0	
	2014	4	1	4	84	0.04761905	
	2014	4	2	3	115	0.02608696	
	2014	5	1	1	94	0.0106383	
	2014	5	2	2	164	0.01219512	
	2014	6	1	3	110	0.02727273	
	2014	6	2	3	186	0.01612903	
	2014	7	1	5	138	0.03623188	
	2014	7	2	3	162	0.01851852	
	2014	8	1	8	153	0.05228758	
	2014	8	2	4	196	0.02040816	
	2014	9	1	13	268	0.04850746	
	2014	9	2	7	218	0.03211009	
	2014	10	1	22	393	0.05597964	
	2014	10	2	8	257	0.0311284	
	2014	11	1	39	527	0.0740038	
	2014	11	2	24	349	0.06876791	
	2014	12	1	89	736	0.1209239	
	2014	12	2	35	408	0.08578431	
	2014	13	1	113	1014	0.1114398	
	2014	13	2	56	577	0.09705373	
	2014	14	1	159	1298	0.1224961	
	2014	14	2	72	688	0.1046512	
	2014	15	1	185	1388	0.1332853	
	2014	15	2	112	879	0.1274175	
	2014	16	1	220	1433	0.1535241	
	2014	16	2	118	1079	0.1093605	
	2014	17	1	212	1404	0.1509972	
	2014	17	2	178	1126	0.1580817	
	2014	18	1	175	957	0.1828631	
	2014	18	2	150	918	0.1633987	
	2014	19	1	70	350	0.2	
	2014	19	2	78	441	0.1768707	
	2014	20	1	9	63	0.1428571	
	2014	20	2	21	98	0.2142857	
	2015	1	1	41	338	0.1213018	
	2015	1	2	18	187	0.09625668	
	2015	2	1	2	23	0.08695652	
	2015	2	2	2	28	0.07142857	
	2015	3	1	2	28	0.07142857	
	2015	3	2	2	20	0.1	
	2015	4	1	3	81	0.03703704	
	2015	4	2	1	125	0.008	
	2015	5	1	3	141	0.0212766	
	2015	5	2	3	181	0.01657459	
	2015	6	1	5	146	0.03424658	
	2015	6	2	1	241	0.004149378	
	2015	7	1	10	171	0.05847953	
	2015	7	2	5	235	0.0212766	
	2015	8	1	7	204	0.03431373	
	2015	8	2	6	255	0.02352941	
	2015	9	1	9	283	0.03180212	
	2015	9	2	11	247	0.04453441	
	2015	10	1	29	483	0.06004141	
	2015	10	2	16	335	0.04776119	
	2015	11	1	50	677	0.07385524	
	2015	11	2	22	454	0.04845815	
	2015	12	1	83	879	0.09442548	
	2015	12	2	27	528	0.05113636	
	2015	13	1	117	1185	0.09873418	
	2015	13	2	68	644	0.1055901	
	2015	14	1	174	1584	0.1098485	
	2015	14	2	88	853	0.1031653	
	2015	15	1	233	1890	0.1232804	
	2015	15	2	117	1117	0.1047449	
	2015	16	1	266	1798	0.1479422	
	2015	16	2	146	1274	0.1145997	
	2015	17	1	247	1793	0.1377579	
	2015	17	2	152	1469	0.1034717	
	2015	18	1	189	1192	0.158557	
	2015	18	2	172	1199	0.1434529	
	2015	19	1	100	486	0.2057613	
	2015	19	2	98	610	0.1606557	
	2015	20	1	22	85	0.2588235	
	2015	20	2	13	99	0.1313131	
	2016	1	1	16	277	0.05776173	
	2016	1	2	12	200	0.06	
	2016	2	1	0	20	0	
	2016	2	2	0	28	0	
	2016	3	1	0	29	0	
	2016	3	2	0	20	0	
	2016	4	1	0	75	0	
	2016	4	2	2	126	0.01587302	
	2016	5	1	1	119	0.008403361	
	2016	5	2	3	219	0.01369863	
	2016	6	1	2	130	0.01538462	
	2016	6	2	3	205	0.01463415	
	2016	7	1	5	165	0.03030303	
	2016	7	2	4	248	0.01612903	
	2016	8	1	3	200	0.015	
	2016	8	2	7	240	0.02916667	
	2016	9	1	13	300	0.04333333	
	2016	9	2	8	257	0.0311284	
	2016	10	1	22	412	0.05339806	
	2016	10	2	15	326	0.04601227	
	2016	11	1	34	660	0.05151515	
	2016	11	2	34	462	0.07359307	
	2016	12	1	66	809	0.0815822	
	2016	12	2	44	530	0.08301887	
	2016	13	1	114	1155	0.0987013	
	2016	13	2	60	658	0.09118541	
	2016	14	1	152	1530	0.09934641	
	2016	14	2	87	851	0.1022327	
	2016	15	1	236	1906	0.1238195	
	2016	15	2	117	1095	0.1068493	
	2016	16	1	207	1781	0.1162268	
	2016	16	2	145	1251	0.1159073	
	2016	17	1	254	1856	0.1368534	
	2016	17	2	180	1449	0.1242236	
	2016	18	1	219	1269	0.1725768	
	2016	18	2	176	1201	0.1465445	
	2016	19	1	84	493	0.1703854	
	2016	19	2	118	636	0.1855346	
	2016	20	1	19	99	0.1919192	
	2016	20	2	26	133	0.1954887	
	2017	1	1	23	294	0.07823129	
	2017	1	2	24	211	0.1137441	
	2017	2	1	1	24	0.04166667	
	2017	2	2	1	13	0.07692308	
	2017	3	1	1	20	0.05	
	2017	3	2	1	20	0.05	
	2017	4	1	3	89	0.03370787	
	2017	4	2	2	116	0.01724138	
	2017	5	1	2	107	0.01869159	
	2017	5	2	2	146	0.01369863	
	2017	6	1	3	112	0.02678571	
	2017	6	2	3	157	0.01910828	
	2017	7	1	4	153	0.02614379	
	2017	7	2	6	188	0.03191489	
	2017	8	1	7	163	0.04294479	
	2017	8	2	6	215	0.02790698	
	2017	9	1	13	279	0.04659498	
	2017	9	2	5	207	0.02415459	
	2017	10	1	23	422	0.05450237	
	2017	10	2	11	320	0.034375	
	2017	11	1	50	637	0.07849294	
	2017	11	2	30	409	0.07334963	
	2017	12	1	95	881	0.107832	
	2017	12	2	42	538	0.07806691	
	2017	13	1	99	1072	0.09235075	
	2017	13	2	60	674	0.08902077	
	2017	14	1	154	1445	0.1065744	
	2017	14	2	86	864	0.09953704	
	2017	15	1	212	1773	0.1195713	
	2017	15	2	129	1105	0.1167421	
	2017	16	1	248	1894	0.1309398	
	2017	16	2	150	1215	0.1234568	
	2017	17	1	247	1781	0.1386861	
	2017	17	2	185	1442	0.128294	
	2017	18	1	172	1232	0.1396104	
	2017	18	2	184	1279	0.1438624	
	2017	19	1	78	477	0.163522	
	2017	19	2	91	583	0.1560892	
	2017	20	1	18	101	0.1782178	
	2017	20	2	25	153	0.1633987	
	2018	1	1	22	309	0.07119741	
	2018	1	2	7	204	0.03431373	
	2018	2	1	2	33	0.06060606	
	2018	2	2	0	28	0	
	2018	3	1	1	29	0.03448276	
	2018	3	2	0	19	0	
	2018	4	1	2	80	0.025	
	2018	4	2	2	97	0.02061856	
	2018	5	1	2	104	0.01923077	
	2018	5	2	2	155	0.01290323	
	2018	6	1	2	114	0.01754386	
	2018	6	2	4	182	0.02197802	
	2018	7	1	2	125	0.016	
	2018	7	2	3	199	0.01507538	
	2018	8	1	3	167	0.01796407	
	2018	8	2	4	218	0.01834862	
	2018	9	1	9	235	0.03829787	
	2018	9	2	14	239	0.05857741	
	2018	10	1	25	410	0.06097561	
	2018	10	2	13	288	0.04513889	
	2018	11	1	45	625	0.072	
	2018	11	2	30	400	0.075	
	2018	12	1	58	825	0.07030303	
	2018	12	2	41	517	0.07930368	
	2018	13	1	111	1121	0.09901873	
	2018	13	2	64	641	0.09984399	
	2018	14	1	134	1360	0.09852941	
	2018	14	2	95	806	0.117866	
	2018	15	1	212	1758	0.1205916	
	2018	15	2	101	1091	0.09257562	
	2018	16	1	258	1826	0.1412924	
	2018	16	2	149	1240	0.1201613	
	2018	17	1	240	1776	0.1351351	
	2018	17	2	183	1345	0.1360595	
	2018	18	1	177	1189	0.1488646	
	2018	18	2	164	1305	0.1256705	
	2018	19	1	94	485	0.1938144	
	2018	19	2	112	580	0.1931034	
	2018	20	1	21	113	0.1858407	
	2018	20	2	26	154	0.1688312	
	2019	1	1	8	79	0.1012658	
	2019	1	2	12	79	0.1518987	
	2019	2	1	1	4	0.25	
	2019	2	2	0	14	0	
	2019	3	1	1	16	0.0625	
	2019	3	2	0	9	0	
	2019	4	1	2	18	0.1111111	
	2019	4	2	0	17	0	
	2019	5	1	3	28	0.1071429	
	2019	5	2	1	25	0.04	
	2019	6	1	0	22	0	
	2019	6	2	3	38	0.07894737	
	2019	7	1	6	28	0.2142857	
	2019	7	2	5	45	0.1111111	
	2019	8	1	12	50	0.24	
	2019	8	2	3	41	0.07317073	
	2019	9	1	6	56	0.1071429	
	2019	9	2	4	45	0.08888889	
	2019	10	1	16	112	0.1428571	
	2019	10	2	4	65	0.06153846	
	2019	11	1	32	168	0.1904762	
	2019	11	2	12	109	0.1100917	
	2019	12	1	41	253	0.1620553	
	2019	12	2	21	151	0.1390728	
	2019	13	1	90	354	0.2542373	
	2019	13	2	22	151	0.1456954	
	2019	14	1	107	449	0.2383073	
	2019	14	2	46	230	0.2	
	2019	15	1	144	619	0.2326333	
	2019	15	2	72	322	0.2236025	
	2019	16	1	162	563	0.2877442	
	2019	16	2	95	369	0.2574526	
	2019	17	1	130	507	0.2564103	
	2019	17	2	101	359	0.281337	
	2019	18	1	116	362	0.320442	
	2019	18	2	68	277	0.2454874	
	2019	19	1	44	108	0.4074074	
	2019	19	2	37	145	0.2551724	
	2019	20	1	10	26	0.3846154	
	2019	20	2	6	30	0.2	
