
	A7_23_M Endovaskuläre/transapikale Eingriffe an der Mitralklappe, Mortalität // Interventions endovasculaire/transapicale sur la valve mitrale, mortalité // Interventi endovascolari/transapicali sulla valvola mitrale, mortalità
	BAG/OFSP/UFSP - CH-IQI Version V5-2 - Daten 2019 - 21. April 2021

	Jahr	AltEGrp	Sex	DeathCH	CasesCH	pCH	
	2011	3	2	0	1	0	
	2011	4	2	0	1	0	
	2011	8	2	0	4	0	
	2011	9	1	0	1	0	
	2011	9	2	0	2	0	
	2011	10	1	0	2	0	
	2011	10	2	0	3	0	
	2011	11	1	0	2	0	
	2011	11	2	0	1	0	
	2011	12	1	0	5	0	
	2011	12	2	0	3	0	
	2011	13	1	0	2	0	
	2011	13	2	0	2	0	
	2011	14	1	0	6	0	
	2011	14	2	0	6	0	
	2011	15	1	0	11	0	
	2011	15	2	0	7	0	
	2011	16	1	0	12	0	
	2011	16	2	0	7	0	
	2011	17	1	0	9	0	
	2011	17	2	0	10	0	
	2011	18	1	0	6	0	
	2011	18	2	0	8	0	
	2011	19	1	0	3	0	
	2012	5	2	0	2	0	
	2012	7	2	0	1	0	
	2012	8	1	0	1	0	
	2012	8	2	0	1	0	
	2012	9	1	0	1	0	
	2012	10	2	0	1	0	
	2012	11	1	0	1	0	
	2012	12	1	0	3	0	
	2012	12	2	0	3	0	
	2012	13	1	1	7	0.1428571	
	2012	13	2	0	6	0	
	2012	14	1	0	14	0	
	2012	14	2	0	3	0	
	2012	15	1	1	16	0.0625	
	2012	15	2	0	9	0	
	2012	16	1	1	16	0.0625	
	2012	16	2	1	7	0.1428571	
	2012	17	1	1	19	0.05263158	
	2012	17	2	1	14	0.07142857	
	2012	18	1	0	7	0	
	2012	18	2	0	11	0	
	2012	19	2	0	3	0	
	2013	9	2	0	2	0	
	2013	10	1	0	1	0	
	2013	10	2	0	2	0	
	2013	11	1	0	4	0	
	2013	12	1	0	2	0	
	2013	12	2	0	2	0	
	2013	13	1	0	7	0	
	2013	14	1	0	13	0	
	2013	14	2	0	3	0	
	2013	15	1	0	11	0	
	2013	15	2	0	7	0	
	2013	16	1	0	19	0	
	2013	16	2	0	17	0	
	2013	17	1	0	19	0	
	2013	17	2	0	13	0	
	2013	18	1	0	11	0	
	2013	18	2	1	11	0.09090909	
	2013	19	1	0	1	0	
	2013	19	2	0	2	0	
	2014	6	1	0	1	0	
	2014	7	1	0	1	0	
	2014	8	1	0	1	0	
	2014	9	1	0	1	0	
	2014	10	1	0	1	0	
	2014	11	1	1	5	0.2	
	2014	11	2	1	3	0.3333333	
	2014	12	1	0	6	0	
	2014	12	2	0	6	0	
	2014	13	1	0	8	0	
	2014	13	2	0	4	0	
	2014	14	1	0	19	0	
	2014	14	2	0	7	0	
	2014	15	1	2	21	0.0952381	
	2014	15	2	0	9	0	
	2014	16	1	1	31	0.03225806	
	2014	16	2	1	19	0.05263158	
	2014	17	1	1	19	0.05263158	
	2014	17	2	1	41	0.02439024	
	2014	18	1	0	25	0	
	2014	18	2	0	17	0	
	2014	19	1	0	9	0	
	2014	19	2	0	4	0	
	2015	8	2	0	1	0	
	2015	9	2	0	1	0	
	2015	10	1	0	5	0	
	2015	10	2	0	2	0	
	2015	11	1	0	3	0	
	2015	11	2	0	2	0	
	2015	12	1	0	8	0	
	2015	12	2	0	1	0	
	2015	13	1	0	7	0	
	2015	13	2	1	7	0.1428571	
	2015	14	1	1	14	0.07142857	
	2015	14	2	1	6	0.1666667	
	2015	15	1	2	26	0.07692308	
	2015	15	2	0	16	0	
	2015	16	1	1	35	0.02857143	
	2015	16	2	0	23	0	
	2015	17	1	1	40	0.025	
	2015	17	2	2	30	0.06666667	
	2015	18	1	1	23	0.04347826	
	2015	18	2	0	26	0	
	2015	19	1	0	5	0	
	2015	19	2	1	3	0.3333333	
	2015	20	1	0	1	0	
	2016	4	2	0	1	0	
	2016	8	1	0	1	0	
	2016	9	1	0	1	0	
	2016	9	2	0	2	0	
	2016	10	1	0	4	0	
	2016	10	2	0	1	0	
	2016	11	1	0	7	0	
	2016	11	2	0	2	0	
	2016	12	1	0	4	0	
	2016	12	2	0	5	0	
	2016	13	1	0	15	0	
	2016	13	2	0	3	0	
	2016	14	1	0	19	0	
	2016	14	2	0	11	0	
	2016	15	1	2	32	0.0625	
	2016	15	2	0	19	0	
	2016	16	1	1	49	0.02040816	
	2016	16	2	0	31	0	
	2016	17	1	2	55	0.03636364	
	2016	17	2	0	42	0	
	2016	18	1	0	29	0	
	2016	18	2	1	28	0.03571429	
	2016	19	1	0	6	0	
	2016	19	2	0	5	0	
	2017	6	1	0	1	0	
	2017	7	1	0	1	0	
	2017	8	1	0	3	0	
	2017	8	2	0	1	0	
	2017	9	2	0	4	0	
	2017	10	1	0	4	0	
	2017	10	2	0	2	0	
	2017	11	1	0	7	0	
	2017	11	2	0	5	0	
	2017	12	1	1	8	0.125	
	2017	12	2	0	4	0	
	2017	13	1	0	10	0	
	2017	13	2	0	4	0	
	2017	14	1	3	26	0.1153846	
	2017	14	2	1	9	0.1111111	
	2017	15	1	0	38	0	
	2017	15	2	1	24	0.04166667	
	2017	16	1	1	50	0.02	
	2017	16	2	1	31	0.03225806	
	2017	17	1	1	55	0.01818182	
	2017	17	2	2	53	0.03773585	
	2017	18	1	1	27	0.03703704	
	2017	18	2	1	28	0.03571429	
	2017	19	1	0	4	0	
	2017	19	2	0	10	0	
	2018	1	1	1	1	1	
	2018	1	2	0	1	0	
	2018	5	2	0	1	0	
	2018	6	2	0	1	0	
	2018	7	2	0	1	0	
	2018	8	1	0	1	0	
	2018	8	2	0	2	0	
	2018	9	1	0	1	0	
	2018	9	2	0	3	0	
	2018	10	1	0	1	0	
	2018	10	2	0	1	0	
	2018	11	1	0	5	0	
	2018	11	2	0	2	0	
	2018	12	1	1	9	0.1111111	
	2018	12	2	0	1	0	
	2018	13	1	0	11	0	
	2018	13	2	0	11	0	
	2018	14	1	0	19	0	
	2018	14	2	0	8	0	
	2018	15	1	2	33	0.06060606	
	2018	15	2	1	14	0.07142857	
	2018	16	1	3	55	0.05454545	
	2018	16	2	0	34	0	
	2018	17	1	0	59	0	
	2018	17	2	0	57	0	
	2018	18	1	2	38	0.05263158	
	2018	18	2	0	34	0	
	2018	19	1	0	8	0	
	2018	19	2	0	10	0	
	2018	20	2	1	1	1	
	2019	2	1	0	1	0	
	2019	4	2	0	1	0	
	2019	6	2	0	1	0	
	2019	8	1	0	1	0	
	2019	9	1	0	1	0	
	2019	9	2	0	1	0	
	2019	10	1	0	3	0	
	2019	10	2	0	1	0	
	2019	11	1	0	1	0	
	2019	11	2	0	4	0	
	2019	12	1	0	4	0	
	2019	12	2	0	1	0	
	2019	13	1	0	9	0	
	2019	13	2	0	3	0	
	2019	14	1	3	19	0.1578947	
	2019	14	2	1	6	0.1666667	
	2019	15	1	2	37	0.05405405	
	2019	15	2	2	25	0.08	
	2019	16	1	1	52	0.01923077	
	2019	16	2	4	39	0.1025641	
	2019	17	1	1	69	0.01449275	
	2019	17	2	1	47	0.0212766	
	2019	18	1	0	39	0	
	2019	18	2	0	37	0	
	2019	19	1	0	7	0	
	2019	19	2	0	7	0	
