
	B1_08_M Hirninfarkt (ICD­10 I63, Alter >19), Direktaufnahmen, Mortalität // Infarctus cérébral (CIM­10 I63, âge >19), admissions directes, mortalité // Infarto cerebrale (ICD­10 I63, età >19), ammissioni dirette, mortalità
	BAG/OFSP/UFSP - CH-IQI Version V5-2 - Daten 2019 - 21. April 2021

	Jahr	AltEGrp	Sex	DeathCH	CasesCH	pCH	
	2008	5	1	0	7	0	
	2008	5	2	0	6	0	
	2008	6	1	0	9	0	
	2008	6	2	0	10	0	
	2008	7	1	0	22	0	
	2008	7	2	0	19	0	
	2008	8	1	2	31	0.06451613	
	2008	8	2	1	24	0.04166667	
	2008	9	1	2	72	0.02777778	
	2008	9	2	1	44	0.02272727	
	2008	10	1	2	92	0.02173913	
	2008	10	2	3	74	0.04054054	
	2008	11	1	2	197	0.01015228	
	2008	11	2	2	75	0.02666667	
	2008	12	1	11	264	0.04166667	
	2008	12	2	6	101	0.05940594	
	2008	13	1	9	345	0.02608696	
	2008	13	2	7	150	0.04666667	
	2008	14	1	13	423	0.03073286	
	2008	14	2	7	216	0.03240741	
	2008	15	1	35	477	0.07337526	
	2008	15	2	22	317	0.06940063	
	2008	16	1	51	616	0.08279221	
	2008	16	2	30	465	0.06451613	
	2008	17	1	52	532	0.09774436	
	2008	17	2	74	604	0.1225166	
	2008	18	1	58	319	0.1818182	
	2008	18	2	69	533	0.1294559	
	2008	19	1	28	120	0.2333333	
	2008	19	2	44	213	0.2065728	
	2008	20	1	5	12	0.4166667	
	2008	20	2	14	53	0.2641509	
	2009	5	1	0	5	0	
	2009	5	2	0	6	0	
	2009	6	1	0	13	0	
	2009	6	2	0	13	0	
	2009	7	1	0	18	0	
	2009	7	2	0	21	0	
	2009	8	1	0	44	0	
	2009	8	2	0	28	0	
	2009	9	1	2	89	0.02247191	
	2009	9	2	0	43	0	
	2009	10	1	0	131	0	
	2009	10	2	2	50	0.04	
	2009	11	1	1	192	0.005208333	
	2009	11	2	1	66	0.01515152	
	2009	12	1	13	266	0.04887218	
	2009	12	2	2	97	0.02061856	
	2009	13	1	10	356	0.02808989	
	2009	13	2	7	160	0.04375	
	2009	14	1	24	474	0.05063291	
	2009	14	2	14	234	0.05982906	
	2009	15	1	29	544	0.05330882	
	2009	15	2	23	333	0.06906907	
	2009	16	1	42	619	0.06785137	
	2009	16	2	31	496	0.0625	
	2009	17	1	53	489	0.1083845	
	2009	17	2	52	634	0.08201893	
	2009	18	1	52	386	0.134715	
	2009	18	2	91	545	0.1669725	
	2009	19	1	28	114	0.245614	
	2009	19	2	37	181	0.2044199	
	2009	20	1	6	13	0.4615385	
	2009	20	2	14	52	0.2692308	
	2010	5	1	0	2	0	
	2010	5	2	0	8	0	
	2010	6	1	1	21	0.04761905	
	2010	6	2	0	10	0	
	2010	7	1	0	19	0	
	2010	7	2	0	17	0	
	2010	8	1	0	34	0	
	2010	8	2	0	21	0	
	2010	9	1	0	65	0	
	2010	9	2	0	35	0	
	2010	10	1	3	129	0.02325581	
	2010	10	2	1	64	0.015625	
	2010	11	1	8	212	0.03773585	
	2010	11	2	1	73	0.01369863	
	2010	12	1	5	285	0.01754386	
	2010	12	2	5	114	0.04385965	
	2010	13	1	16	410	0.03902439	
	2010	13	2	7	164	0.04268293	
	2010	14	1	19	505	0.03762376	
	2010	14	2	7	271	0.02583026	
	2010	15	1	35	538	0.06505576	
	2010	15	2	19	340	0.05588235	
	2010	16	1	45	642	0.07009346	
	2010	16	2	23	522	0.0440613	
	2010	17	1	65	553	0.1175407	
	2010	17	2	75	708	0.1059322	
	2010	18	1	60	398	0.1507538	
	2010	18	2	93	597	0.1557789	
	2010	19	1	32	135	0.237037	
	2010	19	2	47	223	0.2107623	
	2010	20	1	8	23	0.3478261	
	2010	20	2	15	57	0.2631579	
	2011	5	1	0	2	0	
	2011	5	2	0	5	0	
	2011	6	1	0	10	0	
	2011	6	2	0	18	0	
	2011	7	1	0	20	0	
	2011	7	2	0	16	0	
	2011	8	1	2	36	0.05555556	
	2011	8	2	1	28	0.03571429	
	2011	9	1	0	71	0	
	2011	9	2	0	48	0	
	2011	10	1	3	137	0.02189781	
	2011	10	2	2	66	0.03030303	
	2011	11	1	5	208	0.02403846	
	2011	11	2	1	91	0.01098901	
	2011	12	1	9	341	0.02639296	
	2011	12	2	1	101	0.00990099	
	2011	13	1	12	403	0.02977667	
	2011	13	2	4	189	0.02116402	
	2011	14	1	14	499	0.02805611	
	2011	14	2	9	252	0.03571429	
	2011	15	1	24	527	0.0455408	
	2011	15	2	15	320	0.046875	
	2011	16	1	39	663	0.05882353	
	2011	16	2	36	572	0.06293706	
	2011	17	1	54	598	0.090301	
	2011	17	2	59	752	0.07845745	
	2011	18	1	55	443	0.1241535	
	2011	18	2	69	627	0.1100478	
	2011	19	1	29	134	0.2164179	
	2011	19	2	48	290	0.1655172	
	2011	20	1	5	26	0.1923077	
	2011	20	2	18	70	0.2571429	
	2012	5	1	0	7	0	
	2012	5	2	0	15	0	
	2012	6	1	0	17	0	
	2012	6	2	0	16	0	
	2012	7	1	0	29	0	
	2012	7	2	0	14	0	
	2012	8	1	0	43	0	
	2012	8	2	0	28	0	
	2012	9	1	2	72	0.02777778	
	2012	9	2	0	44	0	
	2012	10	1	1	188	0.005319149	
	2012	10	2	0	104	0	
	2012	11	1	2	250	0.008	
	2012	11	2	1	90	0.01111111	
	2012	12	1	5	347	0.01440922	
	2012	12	2	2	141	0.0141844	
	2012	13	1	8	415	0.01927711	
	2012	13	2	7	194	0.03608247	
	2012	14	1	17	601	0.02828619	
	2012	14	2	7	281	0.02491103	
	2012	15	1	18	577	0.03119584	
	2012	15	2	34	419	0.08114558	
	2012	16	1	35	657	0.05327245	
	2012	16	2	26	608	0.04276316	
	2012	17	1	60	659	0.09104704	
	2012	17	2	52	838	0.06205251	
	2012	18	1	66	453	0.1456954	
	2012	18	2	103	732	0.1407104	
	2012	19	1	35	158	0.221519	
	2012	19	2	77	339	0.2271386	
	2012	20	1	8	29	0.2758621	
	2012	20	2	17	82	0.2073171	
	2013	5	1	0	7	0	
	2013	5	2	0	8	0	
	2013	6	1	1	15	0.06666667	
	2013	6	2	0	22	0	
	2013	7	1	0	21	0	
	2013	7	2	0	22	0	
	2013	8	1	0	52	0	
	2013	8	2	0	37	0	
	2013	9	1	1	92	0.01086957	
	2013	9	2	1	54	0.01851852	
	2013	10	1	3	197	0.01522843	
	2013	10	2	0	71	0	
	2013	11	1	4	257	0.0155642	
	2013	11	2	2	117	0.01709402	
	2013	12	1	6	397	0.01511335	
	2013	12	2	8	143	0.05594406	
	2013	13	1	11	505	0.02178218	
	2013	13	2	4	225	0.01777778	
	2013	14	1	14	653	0.02143951	
	2013	14	2	13	320	0.040625	
	2013	15	1	29	624	0.04647436	
	2013	15	2	22	429	0.05128205	
	2013	16	1	37	722	0.05124654	
	2013	16	2	40	653	0.06125574	
	2013	17	1	61	689	0.08853411	
	2013	17	2	73	810	0.09012346	
	2013	18	1	57	467	0.1220557	
	2013	18	2	113	796	0.1419598	
	2013	19	1	37	164	0.2256098	
	2013	19	2	70	375	0.1866667	
	2013	20	1	7	34	0.2058824	
	2013	20	2	17	81	0.2098765	
	2014	5	1	0	9	0	
	2014	5	2	0	10	0	
	2014	6	1	1	17	0.05882353	
	2014	6	2	0	13	0	
	2014	7	1	0	33	0	
	2014	7	2	0	28	0	
	2014	8	1	2	40	0.05	
	2014	8	2	0	20	0	
	2014	9	1	6	107	0.05607477	
	2014	9	2	0	67	0	
	2014	10	1	3	169	0.01775148	
	2014	10	2	0	92	0	
	2014	11	1	2	283	0.007067138	
	2014	11	2	1	99	0.01010101	
	2014	12	1	0	404	0	
	2014	12	2	3	125	0.024	
	2014	13	1	16	486	0.03292181	
	2014	13	2	8	216	0.03703704	
	2014	14	1	19	642	0.02959502	
	2014	14	2	13	339	0.03834808	
	2014	15	1	22	743	0.02960969	
	2014	15	2	17	484	0.03512397	
	2014	16	1	45	776	0.05798969	
	2014	16	2	39	639	0.06103286	
	2014	17	1	58	772	0.07512953	
	2014	17	2	60	823	0.07290401	
	2014	18	1	67	528	0.1268939	
	2014	18	2	88	816	0.1078431	
	2014	19	1	37	183	0.2021858	
	2014	19	2	75	399	0.1879699	
	2014	20	1	5	25	0.2	
	2014	20	2	18	64	0.28125	
	2015	5	1	0	8	0	
	2015	5	2	0	11	0	
	2015	6	1	0	17	0	
	2015	6	2	0	22	0	
	2015	7	1	1	45	0.02222222	
	2015	7	2	0	30	0	
	2015	8	1	0	47	0	
	2015	8	2	1	28	0.03571429	
	2015	9	1	1	87	0.01149425	
	2015	9	2	1	48	0.02083333	
	2015	10	1	2	170	0.01176471	
	2015	10	2	1	89	0.01123596	
	2015	11	1	4	316	0.01265823	
	2015	11	2	8	142	0.05633803	
	2015	12	1	5	403	0.01240695	
	2015	12	2	6	131	0.04580153	
	2015	13	1	12	562	0.02135231	
	2015	13	2	6	221	0.02714932	
	2015	14	1	27	589	0.04584041	
	2015	14	2	8	341	0.02346041	
	2015	15	1	24	822	0.02919708	
	2015	15	2	25	516	0.04844961	
	2015	16	1	51	796	0.06407035	
	2015	16	2	39	719	0.054242	
	2015	17	1	59	834	0.07074341	
	2015	17	2	73	913	0.07995619	
	2015	18	1	68	565	0.120354	
	2015	18	2	100	819	0.1221001	
	2015	19	1	30	210	0.1428571	
	2015	19	2	69	413	0.1670702	
	2015	20	1	7	38	0.1842105	
	2015	20	2	16	82	0.195122	
	2016	5	1	0	5	0	
	2016	5	2	0	12	0	
	2016	6	1	0	16	0	
	2016	6	2	1	15	0.06666667	
	2016	7	1	0	41	0	
	2016	7	2	0	27	0	
	2016	8	1	1	56	0.01785714	
	2016	8	2	0	41	0	
	2016	9	1	2	86	0.02325581	
	2016	9	2	1	54	0.01851852	
	2016	10	1	1	168	0.005952381	
	2016	10	2	1	97	0.01030928	
	2016	11	1	7	343	0.02040816	
	2016	11	2	4	138	0.02898551	
	2016	12	1	2	438	0.00456621	
	2016	12	2	1	159	0.006289308	
	2016	13	1	8	576	0.01388889	
	2016	13	2	13	250	0.052	
	2016	14	1	17	681	0.02496329	
	2016	14	2	8	373	0.02144772	
	2016	15	1	23	790	0.02911392	
	2016	15	2	23	525	0.04380952	
	2016	16	1	37	852	0.04342723	
	2016	16	2	36	754	0.04774536	
	2016	17	1	58	880	0.06590909	
	2016	17	2	65	905	0.0718232	
	2016	18	1	64	607	0.1054366	
	2016	18	2	93	922	0.1008677	
	2016	19	1	37	231	0.1601732	
	2016	19	2	82	506	0.1620553	
	2016	20	1	9	31	0.2903226	
	2016	20	2	27	111	0.2432432	
	2017	5	1	0	7	0	
	2017	5	2	0	11	0	
	2017	6	1	0	15	0	
	2017	6	2	0	21	0	
	2017	7	1	1	34	0.02941176	
	2017	7	2	0	34	0	
	2017	8	1	0	64	0	
	2017	8	2	1	40	0.025	
	2017	9	1	0	96	0	
	2017	9	2	0	59	0	
	2017	10	1	2	207	0.009661836	
	2017	10	2	2	94	0.0212766	
	2017	11	1	2	338	0.00591716	
	2017	11	2	2	147	0.01360544	
	2017	12	1	9	477	0.01886792	
	2017	12	2	4	191	0.02094241	
	2017	13	1	12	602	0.01993355	
	2017	13	2	8	265	0.03018868	
	2017	14	1	22	717	0.0306834	
	2017	14	2	9	407	0.02211302	
	2017	15	1	26	859	0.03026775	
	2017	15	2	29	580	0.05	
	2017	16	1	51	953	0.05351522	
	2017	16	2	33	738	0.04471545	
	2017	17	1	56	913	0.06133625	
	2017	17	2	73	1038	0.07032755	
	2017	18	1	74	625	0.1184	
	2017	18	2	90	955	0.09424084	
	2017	19	1	45	275	0.1636364	
	2017	19	2	63	487	0.1293634	
	2017	20	1	6	48	0.125	
	2017	20	2	23	124	0.1854839	
	2018	5	1	0	13	0	
	2018	5	2	0	14	0	
	2018	6	1	0	14	0	
	2018	6	2	0	21	0	
	2018	7	1	1	30	0.03333333	
	2018	7	2	1	35	0.02857143	
	2018	8	1	0	39	0	
	2018	8	2	0	43	0	
	2018	9	1	2	99	0.02020202	
	2018	9	2	1	62	0.01612903	
	2018	10	1	3	176	0.01704545	
	2018	10	2	1	119	0.008403361	
	2018	11	1	5	333	0.01501502	
	2018	11	2	1	141	0.007092199	
	2018	12	1	7	539	0.01298701	
	2018	12	2	0	194	0	
	2018	13	1	12	610	0.01967213	
	2018	13	2	4	255	0.01568627	
	2018	14	1	18	758	0.0237467	
	2018	14	2	11	387	0.02842377	
	2018	15	1	32	977	0.03275333	
	2018	15	2	17	577	0.02946274	
	2018	16	1	39	1009	0.03865213	
	2018	16	2	35	777	0.04504505	
	2018	17	1	58	995	0.05829146	
	2018	17	2	71	1014	0.07001972	
	2018	18	1	66	699	0.0944206	
	2018	18	2	92	1068	0.08614232	
	2018	19	1	42	293	0.1433447	
	2018	19	2	88	574	0.1533101	
	2018	20	1	11	53	0.2075472	
	2018	20	2	24	142	0.1690141	
	2019	5	1	0	10	0	
	2019	5	2	0	12	0	
	2019	6	1	0	17	0	
	2019	6	2	0	18	0	
	2019	7	1	1	27	0.03703704	
	2019	7	2	0	31	0	
	2019	8	1	0	56	0	
	2019	8	2	1	50	0.02	
	2019	9	1	1	100	0.01	
	2019	9	2	0	56	0	
	2019	10	1	0	208	0	
	2019	10	2	1	111	0.009009009	
	2019	11	1	7	403	0.01736973	
	2019	11	2	3	144	0.02083333	
	2019	12	1	6	509	0.01178782	
	2019	12	2	4	222	0.01801802	
	2019	13	1	13	644	0.02018634	
	2019	13	2	1	304	0.003289474	
	2019	14	1	16	763	0.02096986	
	2019	14	2	19	457	0.04157549	
	2019	15	1	29	945	0.03068783	
	2019	15	2	26	645	0.04031008	
	2019	16	1	48	1050	0.04571429	
	2019	16	2	33	868	0.03801843	
	2019	17	1	64	1042	0.06142035	
	2019	17	2	58	1034	0.05609284	
	2019	18	1	80	735	0.1088435	
	2019	18	2	101	1088	0.09283088	
	2019	19	1	47	265	0.1773585	
	2019	19	2	76	568	0.1338028	
	2019	20	1	9	53	0.1698113	
	2019	20	2	27	146	0.1849315	
