
	H4_03_M Prostata­TUR bei gutartigen Erkrankungen, Mortalität // RTU de la prostate pour affections bénignes, mortalité // TUR della prostata per malattie benigne, mortalità
	BAG/OFSP/UFSP - CH-IQI Version V5-2 - Daten 2019 - 21. April 2021

	Jahr	AltEGrp	Sex	DeathCH	CasesCH	pCH	
	2008	5	1	0	1	0	
	2008	6	1	0	1	0	
	2008	7	1	0	2	0	
	2008	8	1	0	9	0	
	2008	9	1	0	13	0	
	2008	10	1	0	76	0	
	2008	11	1	0	226	0	
	2008	11	2	0	1	0	
	2008	12	1	0	650	0	
	2008	13	1	0	1262	0	
	2008	14	1	2	1491	0.001341382	
	2008	15	1	0	1382	0	
	2008	16	1	0	1182	0	
	2008	17	1	2	733	0.002728513	
	2008	18	1	0	330	0	
	2008	19	1	3	71	0.04225352	
	2008	20	1	0	5	0	
	2009	6	1	0	1	0	
	2009	7	1	0	1	0	
	2009	8	1	0	1	0	
	2009	9	1	0	20	0	
	2009	10	1	0	71	0	
	2009	10	2	0	1	0	
	2009	11	1	0	248	0	
	2009	12	1	0	634	0	
	2009	13	1	0	1234	0	
	2009	14	1	0	1454	0	
	2009	15	1	1	1299	0.0007698229	
	2009	16	1	2	1130	0.001769912	
	2009	17	1	1	777	0.001287001	
	2009	18	1	2	340	0.005882353	
	2009	19	1	1	70	0.01428571	
	2009	20	1	0	10	0	
	2010	4	1	0	1	0	
	2010	6	1	0	1	0	
	2010	7	1	0	3	0	
	2010	8	1	0	5	0	
	2010	9	1	0	23	0	
	2010	10	1	0	84	0	
	2010	11	1	0	270	0	
	2010	12	1	0	591	0	
	2010	13	1	0	1108	0	
	2010	14	1	0	1381	0	
	2010	15	1	0	1343	0	
	2010	16	1	0	1169	0	
	2010	17	1	3	732	0.004098361	
	2010	18	1	1	300	0.003333333	
	2010	19	1	0	48	0	
	2010	20	1	0	4	0	
	2011	7	1	0	2	0	
	2011	8	1	0	5	0	
	2011	9	1	0	20	0	
	2011	10	1	0	73	0	
	2011	11	1	0	229	0	
	2011	11	2	0	1	0	
	2011	12	1	1	571	0.001751313	
	2011	12	2	0	1	0	
	2011	13	1	0	1053	0	
	2011	14	1	0	1448	0	
	2011	14	2	0	1	0	
	2011	15	1	1	1208	0.0008278146	
	2011	16	1	0	1112	0	
	2011	17	1	2	712	0.002808989	
	2011	18	1	0	296	0	
	2011	19	1	0	62	0	
	2011	20	1	0	2	0	
	2012	8	1	0	5	0	
	2012	9	1	0	21	0	
	2012	10	1	0	74	0	
	2012	11	1	0	239	0	
	2012	12	1	0	539	0	
	2012	13	1	1	1053	0.0009496676	
	2012	14	1	1	1404	0.0007122507	
	2012	15	1	2	1244	0.001607717	
	2012	16	1	2	1098	0.001821494	
	2012	17	1	4	710	0.005633803	
	2012	18	1	0	265	0	
	2012	19	1	0	52	0	
	2012	20	1	0	5	0	
	2013	6	1	0	3	0	
	2013	7	1	0	3	0	
	2013	8	1	0	7	0	
	2013	9	1	0	16	0	
	2013	10	1	0	82	0	
	2013	11	1	0	229	0	
	2013	12	1	0	590	0	
	2013	13	1	1	1064	0.0009398496	
	2013	14	1	1	1425	0.0007017544	
	2013	15	1	1	1403	0.0007127584	
	2013	15	2	0	1	0	
	2013	16	1	0	1097	0	
	2013	17	1	1	776	0.00128866	
	2013	18	1	0	295	0	
	2013	19	1	2	73	0.02739726	
	2013	20	1	0	2	0	
	2014	7	1	0	1	0	
	2014	8	1	0	6	0	
	2014	9	1	0	17	0	
	2014	10	1	0	99	0	
	2014	11	1	0	297	0	
	2014	12	1	0	612	0	
	2014	12	2	0	1	0	
	2014	13	1	0	1046	0	
	2014	14	1	0	1485	0	
	2014	15	1	3	1563	0.001919386	
	2014	16	1	1	1176	0.0008503401	
	2014	17	1	2	825	0.002424242	
	2014	18	1	2	302	0.006622517	
	2014	19	1	1	67	0.01492537	
	2014	20	1	0	6	0	
	2015	3	1	0	1	0	
	2015	7	1	0	3	0	
	2015	8	1	0	5	0	
	2015	9	1	0	19	0	
	2015	10	1	0	97	0	
	2015	11	1	1	251	0.003984064	
	2015	12	1	0	611	0	
	2015	13	1	0	961	0	
	2015	13	2	0	1	0	
	2015	14	1	0	1450	0	
	2015	15	1	0	1454	0	
	2015	16	1	0	1172	0	
	2015	17	1	1	720	0.001388889	
	2015	18	1	1	320	0.003125	
	2015	19	1	0	59	0	
	2015	20	1	0	3	0	
	2016	6	1	0	1	0	
	2016	7	1	0	1	0	
	2016	8	1	0	2	0	
	2016	9	1	0	10	0	
	2016	10	1	0	70	0	
	2016	10	2	0	1	0	
	2016	11	1	0	291	0	
	2016	12	1	0	609	0	
	2016	13	1	0	964	0	
	2016	14	1	0	1357	0	
	2016	15	1	0	1490	0	
	2016	16	1	0	1151	0	
	2016	17	1	3	764	0.003926702	
	2016	18	1	1	307	0.003257329	
	2016	19	1	0	58	0	
	2016	20	1	0	7	0	
	2017	6	1	0	2	0	
	2017	7	1	0	2	0	
	2017	8	1	0	9	0	
	2017	9	1	0	21	0	
	2017	10	1	0	65	0	
	2017	11	1	0	270	0	
	2017	12	1	0	623	0	
	2017	13	1	0	984	0	
	2017	14	1	0	1262	0	
	2017	15	1	2	1511	0.001323627	
	2017	16	1	1	1105	0.0009049774	
	2017	17	1	1	743	0.001345895	
	2017	18	1	1	309	0.003236246	
	2017	19	1	0	60	0	
	2017	20	1	0	4	0	
	2018	5	1	0	1	0	
	2018	6	1	0	2	0	
	2018	7	1	0	2	0	
	2018	8	1	0	5	0	
	2018	9	1	0	21	0	
	2018	10	1	0	75	0	
	2018	11	1	0	275	0	
	2018	12	1	0	652	0	
	2018	13	1	0	980	0	
	2018	14	1	0	1240	0	
	2018	15	1	0	1558	0	
	2018	16	1	1	1222	0.0008183306	
	2018	17	1	0	753	0	
	2018	18	1	1	352	0.002840909	
	2018	19	1	1	70	0.01428571	
	2018	20	1	0	7	0	
	2019	7	1	0	4	0	
	2019	8	1	0	7	0	
	2019	9	1	0	12	0	
	2019	10	1	0	67	0	
	2019	11	1	0	292	0	
	2019	12	1	0	640	0	
	2019	13	1	0	1056	0	
	2019	14	1	0	1293	0	
	2019	15	1	3	1526	0.001965924	
	2019	16	1	1	1279	0.0007818608	
	2019	17	1	1	780	0.001282051	
	2019	18	1	1	316	0.003164557	
	2019	19	1	2	64	0.03125	
	2019	20	1	0	9	0	
