
	D1_08_M HD Pneumonie, Alter >19, ohne Tumor oder Mukoviszidose, Direktaufnahmen, Mortalität // DP pneumonie, âge >19, sans tumeur ni mucoviscidose, admissions directes, mortalité // DP polmonite, età >19, senza tumore o mucoviscidosi, ammissioni dirette, mortalità
	BAG/OFSP/UFSP - CH-IQI Version V5-2 - Daten 2019 - 21. April 2021

	Jahr	AltEGrp	Sex	DeathCH	CasesCH	pCH	
	2008	5	1	0	60	0	
	2008	5	2	0	47	0	
	2008	6	1	0	69	0	
	2008	6	2	1	74	0.01351351	
	2008	7	1	0	104	0	
	2008	7	2	3	100	0.03	
	2008	8	1	0	188	0	
	2008	8	2	1	173	0.005780347	
	2008	9	1	0	231	0	
	2008	9	2	1	172	0.005813953	
	2008	10	1	3	254	0.01181102	
	2008	10	2	3	177	0.01694915	
	2008	11	1	5	280	0.01785714	
	2008	11	2	6	194	0.03092784	
	2008	12	1	6	359	0.01671309	
	2008	12	2	5	274	0.01824818	
	2008	13	1	14	472	0.02966102	
	2008	13	2	11	386	0.02849741	
	2008	14	1	18	590	0.03050847	
	2008	14	2	14	415	0.03373494	
	2008	15	1	42	777	0.05405405	
	2008	15	2	23	481	0.04781705	
	2008	16	1	56	990	0.05656566	
	2008	16	2	35	722	0.04847645	
	2008	17	1	76	1008	0.07539683	
	2008	17	2	51	888	0.05743243	
	2008	18	1	106	863	0.1228273	
	2008	18	2	60	773	0.07761966	
	2008	19	1	53	346	0.1531792	
	2008	19	2	47	378	0.1243386	
	2008	20	1	8	96	0.08333333	
	2008	20	2	24	128	0.1875	
	2009	5	1	0	105	0	
	2009	5	2	0	69	0	
	2009	6	1	0	99	0	
	2009	6	2	0	87	0	
	2009	7	1	0	122	0	
	2009	7	2	0	138	0	
	2009	8	1	3	178	0.01685393	
	2009	8	2	0	180	0	
	2009	9	1	2	214	0.009345794	
	2009	9	2	2	202	0.00990099	
	2009	10	1	3	298	0.01006711	
	2009	10	2	2	201	0.009950249	
	2009	11	1	2	340	0.005882353	
	2009	11	2	3	245	0.0122449	
	2009	12	1	4	336	0.01190476	
	2009	12	2	1	275	0.003636364	
	2009	13	1	13	550	0.02363636	
	2009	13	2	5	420	0.01190476	
	2009	14	1	23	625	0.0368	
	2009	14	2	13	466	0.027897	
	2009	15	1	37	764	0.04842932	
	2009	15	2	22	562	0.03914591	
	2009	16	1	68	985	0.06903553	
	2009	16	2	28	730	0.03835616	
	2009	17	1	85	1110	0.07657658	
	2009	17	2	63	912	0.06907895	
	2009	18	1	98	948	0.1033755	
	2009	18	2	69	799	0.08635795	
	2009	19	1	55	378	0.1455026	
	2009	19	2	59	466	0.1266094	
	2009	20	1	14	102	0.1372549	
	2009	20	2	23	140	0.1642857	
	2010	5	1	2	105	0.01904762	
	2010	5	2	0	66	0	
	2010	6	1	0	93	0	
	2010	6	2	0	89	0	
	2010	7	1	0	106	0	
	2010	7	2	2	116	0.01724138	
	2010	8	1	0	173	0	
	2010	8	2	0	162	0	
	2010	9	1	1	212	0.004716981	
	2010	9	2	0	224	0	
	2010	10	1	2	272	0.007352941	
	2010	10	2	1	196	0.005102041	
	2010	11	1	3	291	0.01030928	
	2010	11	2	4	254	0.01574803	
	2010	12	1	4	369	0.01084011	
	2010	12	2	4	271	0.01476015	
	2010	13	1	6	467	0.01284797	
	2010	13	2	3	418	0.007177033	
	2010	14	1	12	637	0.0188383	
	2010	14	2	10	435	0.02298851	
	2010	15	1	25	742	0.03369272	
	2010	15	2	17	489	0.03476483	
	2010	16	1	44	1006	0.04373757	
	2010	16	2	26	657	0.03957382	
	2010	17	1	82	1071	0.07656396	
	2010	17	2	61	857	0.07117853	
	2010	18	1	77	834	0.09232614	
	2010	18	2	58	823	0.07047388	
	2010	19	1	41	380	0.1078947	
	2010	19	2	46	395	0.1164557	
	2010	20	1	20	112	0.1785714	
	2010	20	2	19	123	0.1544715	
	2011	5	1	0	92	0	
	2011	5	2	1	75	0.01333333	
	2011	6	1	1	103	0.009708738	
	2011	6	2	1	90	0.01111111	
	2011	7	1	1	120	0.008333333	
	2011	7	2	0	133	0	
	2011	8	1	1	170	0.005882353	
	2011	8	2	0	167	0	
	2011	9	1	1	276	0.003623188	
	2011	9	2	0	177	0	
	2011	10	1	2	277	0.007220217	
	2011	10	2	3	221	0.01357466	
	2011	11	1	8	336	0.02380952	
	2011	11	2	1	235	0.004255319	
	2011	12	1	2	372	0.005376344	
	2011	12	2	3	293	0.01023891	
	2011	13	1	12	457	0.02625821	
	2011	13	2	11	415	0.02650602	
	2011	14	1	21	684	0.03070175	
	2011	14	2	12	496	0.02419355	
	2011	15	1	27	761	0.03547963	
	2011	15	2	15	491	0.0305499	
	2011	16	1	64	1079	0.05931418	
	2011	16	2	22	707	0.0311174	
	2011	17	1	81	1070	0.07570093	
	2011	17	2	49	921	0.05320304	
	2011	18	1	88	898	0.09799555	
	2011	18	2	79	839	0.09415971	
	2011	19	1	44	418	0.1052632	
	2011	19	2	44	442	0.09954751	
	2011	20	1	16	82	0.195122	
	2011	20	2	24	151	0.1589404	
	2012	5	1	1	86	0.01162791	
	2012	5	2	0	60	0	
	2012	6	1	0	71	0	
	2012	6	2	1	73	0.01369863	
	2012	7	1	0	104	0	
	2012	7	2	1	108	0.009259259	
	2012	8	1	2	150	0.01333333	
	2012	8	2	0	156	0	
	2012	9	1	3	182	0.01648352	
	2012	9	2	1	175	0.005714286	
	2012	10	1	2	268	0.007462687	
	2012	10	2	4	174	0.02298851	
	2012	11	1	2	305	0.006557377	
	2012	11	2	5	220	0.02272727	
	2012	12	1	6	353	0.01699717	
	2012	12	2	6	269	0.02230483	
	2012	13	1	10	492	0.0203252	
	2012	13	2	9	363	0.02479339	
	2012	14	1	18	677	0.02658789	
	2012	14	2	10	463	0.02159827	
	2012	15	1	30	845	0.03550296	
	2012	15	2	10	518	0.01930502	
	2012	16	1	49	1070	0.04579439	
	2012	16	2	19	708	0.02683616	
	2012	17	1	83	1230	0.06747967	
	2012	17	2	60	942	0.06369427	
	2012	18	1	92	959	0.09593326	
	2012	18	2	78	920	0.08478261	
	2012	19	1	52	495	0.1050505	
	2012	19	2	42	494	0.08502024	
	2012	20	1	16	109	0.146789	
	2012	20	2	26	159	0.163522	
	2013	5	1	0	63	0	
	2013	5	2	0	44	0	
	2013	6	1	0	66	0	
	2013	6	2	0	72	0	
	2013	7	1	0	99	0	
	2013	7	2	0	112	0	
	2013	8	1	0	161	0	
	2013	8	2	1	138	0.007246377	
	2013	9	1	2	199	0.01005025	
	2013	9	2	0	180	0	
	2013	10	1	6	243	0.02469136	
	2013	10	2	0	160	0	
	2013	11	1	5	318	0.01572327	
	2013	11	2	3	230	0.01304348	
	2013	12	1	5	387	0.0129199	
	2013	12	2	1	293	0.003412969	
	2013	13	1	11	499	0.02204409	
	2013	13	2	5	352	0.01420455	
	2013	14	1	16	675	0.0237037	
	2013	14	2	11	513	0.0214425	
	2013	15	1	19	892	0.02130045	
	2013	15	2	17	574	0.02961672	
	2013	16	1	49	1059	0.04627007	
	2013	16	2	35	787	0.04447268	
	2013	17	1	92	1244	0.07395498	
	2013	17	2	50	992	0.05040323	
	2013	18	1	81	1005	0.08059701	
	2013	18	2	69	1015	0.0679803	
	2013	19	1	47	511	0.09197652	
	2013	19	2	53	620	0.08548387	
	2013	20	1	15	111	0.1351351	
	2013	20	2	19	169	0.112426	
	2014	5	1	3	103	0.02912621	
	2014	5	2	0	79	0	
	2014	6	1	2	92	0.02173913	
	2014	6	2	0	95	0	
	2014	7	1	0	118	0	
	2014	7	2	0	118	0	
	2014	8	1	1	167	0.005988024	
	2014	8	2	0	170	0	
	2014	9	1	0	165	0	
	2014	9	2	0	193	0	
	2014	10	1	2	281	0.007117438	
	2014	10	2	0	212	0	
	2014	11	1	2	330	0.006060606	
	2014	11	2	2	219	0.00913242	
	2014	12	1	1	410	0.002439024	
	2014	12	2	3	310	0.009677419	
	2014	13	1	8	513	0.01559454	
	2014	13	2	1	338	0.00295858	
	2014	14	1	12	685	0.01751825	
	2014	14	2	7	468	0.01495726	
	2014	15	1	22	866	0.02540416	
	2014	15	2	18	551	0.03266788	
	2014	16	1	33	1020	0.03235294	
	2014	16	2	23	815	0.02822086	
	2014	17	1	72	1222	0.0589198	
	2014	17	2	34	933	0.03644159	
	2014	18	1	103	1021	0.1008815	
	2014	18	2	69	1003	0.06879362	
	2014	19	1	46	492	0.09349593	
	2014	19	2	61	573	0.1064572	
	2014	20	1	14	98	0.1428571	
	2014	20	2	17	158	0.1075949	
	2015	5	1	1	94	0.0106383	
	2015	5	2	1	70	0.01428571	
	2015	6	1	0	107	0	
	2015	6	2	0	95	0	
	2015	7	1	1	136	0.007352941	
	2015	7	2	0	118	0	
	2015	8	1	1	162	0.00617284	
	2015	8	2	0	177	0	
	2015	9	1	2	239	0.008368201	
	2015	9	2	1	198	0.005050505	
	2015	10	1	2	255	0.007843137	
	2015	10	2	2	209	0.009569378	
	2015	11	1	5	358	0.01396648	
	2015	11	2	1	249	0.004016064	
	2015	12	1	3	458	0.006550218	
	2015	12	2	2	337	0.005934718	
	2015	13	1	7	563	0.01243339	
	2015	13	2	5	429	0.01165501	
	2015	14	1	22	804	0.02736318	
	2015	14	2	7	607	0.01153213	
	2015	15	1	37	1041	0.03554275	
	2015	15	2	18	705	0.02553191	
	2015	16	1	52	1255	0.04143426	
	2015	16	2	28	900	0.03111111	
	2015	17	1	78	1477	0.05280975	
	2015	17	2	51	1155	0.04415584	
	2015	18	1	117	1273	0.09190888	
	2015	18	2	96	1238	0.07754443	
	2015	19	1	79	710	0.1112676	
	2015	19	2	71	807	0.08798017	
	2015	20	1	14	135	0.1037037	
	2015	20	2	31	204	0.1519608	
	2016	5	1	0	115	0	
	2016	5	2	0	78	0	
	2016	6	1	0	106	0	
	2016	6	2	0	83	0	
	2016	7	1	0	132	0	
	2016	7	2	0	150	0	
	2016	8	1	1	174	0.005747126	
	2016	8	2	0	152	0	
	2016	9	1	3	223	0.01345291	
	2016	9	2	0	168	0	
	2016	10	1	1	287	0.003484321	
	2016	10	2	2	216	0.009259259	
	2016	11	1	2	357	0.005602241	
	2016	11	2	1	293	0.003412969	
	2016	12	1	5	444	0.01126126	
	2016	12	2	4	365	0.0109589	
	2016	13	1	4	555	0.007207207	
	2016	13	2	2	397	0.005037783	
	2016	14	1	16	763	0.02096986	
	2016	14	2	3	560	0.005357143	
	2016	15	1	38	990	0.03838384	
	2016	15	2	12	719	0.01668985	
	2016	16	1	30	1160	0.02586207	
	2016	16	2	23	862	0.02668213	
	2016	17	1	79	1413	0.05590941	
	2016	17	2	44	1063	0.04139229	
	2016	18	1	91	1180	0.07711864	
	2016	18	2	74	1101	0.06721163	
	2016	19	1	64	560	0.1142857	
	2016	19	2	83	732	0.113388	
	2016	20	1	21	141	0.1489362	
	2016	20	2	19	194	0.09793814	
	2017	5	1	1	76	0.01315789	
	2017	5	2	0	40	0	
	2017	6	1	0	94	0	
	2017	6	2	1	66	0.01515152	
	2017	7	1	1	121	0.008264463	
	2017	7	2	0	114	0	
	2017	8	1	0	159	0	
	2017	8	2	1	140	0.007142857	
	2017	9	1	1	185	0.005405405	
	2017	9	2	0	141	0	
	2017	10	1	0	278	0	
	2017	10	2	0	186	0	
	2017	11	1	5	340	0.01470588	
	2017	11	2	0	286	0	
	2017	12	1	7	489	0.01431493	
	2017	12	2	0	339	0	
	2017	13	1	10	605	0.01652893	
	2017	13	2	7	468	0.01495726	
	2017	14	1	15	787	0.01905972	
	2017	14	2	5	611	0.008183306	
	2017	15	1	32	1083	0.02954755	
	2017	15	2	18	809	0.02224969	
	2017	16	1	48	1322	0.03630862	
	2017	16	2	29	951	0.03049422	
	2017	17	1	92	1627	0.05654579	
	2017	17	2	36	1263	0.02850356	
	2017	18	1	113	1354	0.08345643	
	2017	18	2	90	1367	0.0658376	
	2017	19	1	75	671	0.1117735	
	2017	19	2	74	869	0.08515535	
	2017	20	1	27	177	0.1525424	
	2017	20	2	37	273	0.1355311	
	2018	5	1	1	117	0.008547009	
	2018	5	2	0	71	0	
	2018	6	1	0	100	0	
	2018	6	2	0	103	0	
	2018	7	1	0	139	0	
	2018	7	2	0	109	0	
	2018	8	1	0	200	0	
	2018	8	2	0	185	0	
	2018	9	1	0	208	0	
	2018	9	2	0	202	0	
	2018	10	1	2	320	0.00625	
	2018	10	2	2	275	0.007272727	
	2018	11	1	3	405	0.007407407	
	2018	11	2	5	302	0.01655629	
	2018	12	1	5	517	0.00967118	
	2018	12	2	0	377	0	
	2018	13	1	8	619	0.01292407	
	2018	13	2	4	540	0.007407407	
	2018	14	1	16	839	0.01907032	
	2018	14	2	6	689	0.008708273	
	2018	15	1	25	1255	0.01992032	
	2018	15	2	20	902	0.02217295	
	2018	16	1	50	1357	0.03684598	
	2018	16	2	38	1056	0.03598485	
	2018	17	1	93	1613	0.05765654	
	2018	17	2	48	1342	0.03576751	
	2018	18	1	122	1437	0.0848991	
	2018	18	2	72	1384	0.05202312	
	2018	19	1	72	742	0.09703504	
	2018	19	2	87	878	0.09908884	
	2018	20	1	15	161	0.0931677	
	2018	20	2	34	273	0.1245421	
	2019	5	1	0	96	0	
	2019	5	2	0	80	0	
	2019	6	1	1	102	0.009803922	
	2019	6	2	0	91	0	
	2019	7	1	2	158	0.01265823	
	2019	7	2	0	119	0	
	2019	8	1	0	190	0	
	2019	8	2	0	194	0	
	2019	9	1	0	209	0	
	2019	9	2	0	184	0	
	2019	10	1	1	274	0.003649635	
	2019	10	2	2	204	0.009803922	
	2019	11	1	2	399	0.005012531	
	2019	11	2	2	279	0.007168459	
	2019	12	1	3	426	0.007042254	
	2019	12	2	4	387	0.01033592	
	2019	13	1	5	587	0.008517888	
	2019	13	2	4	513	0.007797271	
	2019	14	1	16	797	0.02007528	
	2019	14	2	13	599	0.02170284	
	2019	15	1	20	1165	0.01716738	
	2019	15	2	18	880	0.02045455	
	2019	16	1	49	1359	0.03605592	
	2019	16	2	29	1035	0.02801932	
	2019	17	1	77	1524	0.05052493	
	2019	17	2	52	1299	0.04003079	
	2019	18	1	98	1347	0.07275427	
	2019	18	2	98	1430	0.06853147	
	2019	19	1	84	744	0.1129032	
	2019	19	2	75	901	0.08324084	
	2019	20	1	32	200	0.16	
	2019	20	2	30	291	0.1030928	
