
	A3_02_M Katheter der Koronargefässe bei HD Herzinfarkt ohne OP am Herzen (Alter >19), Mortalität // Cathétérisme des vaisseaux coronaires en cas de DP infarctus du myocarde sans OP du cœur (âge >19), mortalité // Catetere dei vasi coronarici con DP infarto miocardico senza OP al cuore (età >19), mortalità
	BAG/OFSP/UFSP - CH-IQI Version V5-2 - Daten 2019 - 21. April 2021

	Jahr	AltEGrp	Sex	DeathCH	CasesCH	pCH	
	2008	5	1	0	5	0	
	2008	6	1	0	7	0	
	2008	6	2	0	2	0	
	2008	7	1	0	18	0	
	2008	7	2	0	3	0	
	2008	8	1	0	60	0	
	2008	8	2	0	16	0	
	2008	9	1	3	248	0.01209677	
	2008	9	2	1	34	0.02941176	
	2008	10	1	5	423	0.01182033	
	2008	10	2	2	61	0.03278689	
	2008	11	1	10	536	0.01865672	
	2008	11	2	6	119	0.05042017	
	2008	12	1	10	596	0.01677852	
	2008	12	2	6	124	0.0483871	
	2008	13	1	17	660	0.02575758	
	2008	13	2	4	179	0.02234637	
	2008	14	1	16	573	0.02792321	
	2008	14	2	9	209	0.0430622	
	2008	15	1	19	535	0.03551402	
	2008	15	2	6	253	0.02371542	
	2008	16	1	21	467	0.04496788	
	2008	16	2	15	301	0.04983389	
	2008	17	1	24	279	0.08602151	
	2008	17	2	24	237	0.1012658	
	2008	18	1	10	106	0.09433962	
	2008	18	2	11	99	0.1111111	
	2008	19	1	1	9	0.1111111	
	2008	19	2	1	20	0.05	
	2008	20	1	0	2	0	
	2009	5	1	0	2	0	
	2009	6	1	0	7	0	
	2009	6	2	0	2	0	
	2009	7	1	0	17	0	
	2009	7	2	0	6	0	
	2009	8	1	0	90	0	
	2009	8	2	0	17	0	
	2009	9	1	2	223	0.00896861	
	2009	9	2	1	36	0.02777778	
	2009	10	1	9	444	0.02027027	
	2009	10	2	3	72	0.04166667	
	2009	11	1	12	619	0.01938611	
	2009	11	2	1	111	0.009009009	
	2009	12	1	11	689	0.01596517	
	2009	12	2	0	131	0	
	2009	13	1	17	694	0.02449568	
	2009	13	2	5	166	0.03012048	
	2009	14	1	17	613	0.02773246	
	2009	14	2	10	238	0.04201681	
	2009	15	1	13	567	0.02292769	
	2009	15	2	9	275	0.03272727	
	2009	16	1	25	510	0.04901961	
	2009	16	2	11	292	0.03767123	
	2009	17	1	16	322	0.04968944	
	2009	17	2	17	247	0.06882591	
	2009	18	1	5	123	0.04065041	
	2009	18	2	6	105	0.05714286	
	2009	19	1	1	12	0.08333333	
	2009	19	2	0	15	0	
	2009	20	2	0	1	0	
	2010	5	1	0	4	0	
	2010	6	1	0	8	0	
	2010	6	2	0	2	0	
	2010	7	1	0	28	0	
	2010	7	2	0	11	0	
	2010	8	1	0	96	0	
	2010	8	2	0	10	0	
	2010	9	1	4	247	0.01619433	
	2010	9	2	0	33	0	
	2010	10	1	7	488	0.01434426	
	2010	10	2	2	75	0.02666667	
	2010	11	1	9	697	0.01291248	
	2010	11	2	0	130	0	
	2010	12	1	15	791	0.01896334	
	2010	12	2	4	147	0.02721088	
	2010	13	1	12	877	0.01368301	
	2010	13	2	2	208	0.009615385	
	2010	14	1	30	783	0.03831418	
	2010	14	2	6	238	0.02521008	
	2010	15	1	29	634	0.04574132	
	2010	15	2	11	299	0.0367893	
	2010	16	1	24	592	0.04054054	
	2010	16	2	18	382	0.04712042	
	2010	17	1	32	393	0.08142494	
	2010	17	2	15	303	0.04950495	
	2010	18	1	22	165	0.1333333	
	2010	18	2	7	147	0.04761905	
	2010	19	1	1	20	0.05	
	2010	19	2	2	19	0.1052632	
	2010	20	1	0	2	0	
	2010	20	2	0	2	0	
	2011	5	1	0	1	0	
	2011	5	2	0	1	0	
	2011	6	1	0	2	0	
	2011	6	2	0	3	0	
	2011	7	1	1	17	0.05882353	
	2011	7	2	0	8	0	
	2011	8	1	1	80	0.0125	
	2011	8	2	0	18	0	
	2011	9	1	3	267	0.01123596	
	2011	9	2	0	50	0	
	2011	10	1	7	514	0.01361868	
	2011	10	2	2	81	0.02469136	
	2011	11	1	8	688	0.01162791	
	2011	11	2	1	133	0.007518797	
	2011	12	1	15	795	0.01886792	
	2011	12	2	3	168	0.01785714	
	2011	13	1	17	867	0.01960784	
	2011	13	2	4	236	0.01694915	
	2011	14	1	29	894	0.03243848	
	2011	14	2	7	263	0.02661597	
	2011	15	1	24	673	0.03566122	
	2011	15	2	9	301	0.02990033	
	2011	16	1	38	709	0.05359661	
	2011	16	2	14	385	0.03636364	
	2011	17	1	32	427	0.07494145	
	2011	17	2	20	358	0.05586592	
	2011	18	1	13	176	0.07386364	
	2011	18	2	10	164	0.06097561	
	2011	19	1	3	24	0.125	
	2011	19	2	2	41	0.04878049	
	2011	20	2	0	2	0	
	2012	5	1	0	2	0	
	2012	5	2	0	1	0	
	2012	6	1	0	10	0	
	2012	6	2	0	1	0	
	2012	7	1	0	39	0	
	2012	7	2	0	2	0	
	2012	8	1	1	79	0.01265823	
	2012	8	2	0	13	0	
	2012	9	1	3	254	0.01181102	
	2012	9	2	1	41	0.02439024	
	2012	10	1	7	529	0.01323251	
	2012	10	2	2	91	0.02197802	
	2012	11	1	14	751	0.01864181	
	2012	11	2	2	154	0.01298701	
	2012	12	1	22	836	0.02631579	
	2012	12	2	4	178	0.02247191	
	2012	13	1	18	901	0.0199778	
	2012	13	2	9	251	0.03585657	
	2012	14	1	36	875	0.04114286	
	2012	14	2	7	288	0.02430556	
	2012	15	1	34	787	0.04320203	
	2012	15	2	6	327	0.01834862	
	2012	16	1	30	670	0.04477612	
	2012	16	2	33	408	0.08088235	
	2012	17	1	28	512	0.0546875	
	2012	17	2	21	357	0.05882353	
	2012	18	1	18	216	0.08333333	
	2012	18	2	15	181	0.08287293	
	2012	19	1	4	37	0.1081081	
	2012	19	2	3	24	0.125	
	2012	20	1	2	2	1	
	2012	20	2	0	1	0	
	2013	5	1	0	1	0	
	2013	5	2	0	2	0	
	2013	6	1	0	9	0	
	2013	6	2	0	3	0	
	2013	7	1	0	31	0	
	2013	8	1	0	89	0	
	2013	8	2	0	15	0	
	2013	9	1	3	254	0.01181102	
	2013	9	2	0	47	0	
	2013	10	1	8	532	0.01503759	
	2013	10	2	3	80	0.0375	
	2013	11	1	6	735	0.008163265	
	2013	11	2	3	149	0.02013423	
	2013	12	1	16	903	0.01771872	
	2013	12	2	6	179	0.03351955	
	2013	13	1	14	878	0.01594533	
	2013	13	2	11	253	0.04347826	
	2013	14	1	33	892	0.03699552	
	2013	14	2	10	304	0.03289474	
	2013	15	1	30	809	0.03708282	
	2013	15	2	13	338	0.03846154	
	2013	16	1	32	742	0.04312668	
	2013	16	2	12	382	0.03141361	
	2013	17	1	35	544	0.06433824	
	2013	17	2	23	389	0.05912596	
	2013	18	1	30	247	0.1214575	
	2013	18	2	19	225	0.08444444	
	2013	19	1	3	48	0.0625	
	2013	19	2	4	42	0.0952381	
	2013	20	1	2	6	0.3333333	
	2013	20	2	0	3	0	
	2014	5	1	0	8	0	
	2014	6	1	1	7	0.1428571	
	2014	6	2	0	2	0	
	2014	7	1	0	33	0	
	2014	7	2	0	4	0	
	2014	8	1	3	91	0.03296703	
	2014	8	2	0	17	0	
	2014	9	1	2	251	0.007968127	
	2014	9	2	0	44	0	
	2014	10	1	5	541	0.009242144	
	2014	10	2	0	95	0	
	2014	11	1	11	797	0.01380176	
	2014	11	2	1	140	0.007142857	
	2014	12	1	21	989	0.02123357	
	2014	12	2	2	196	0.01020408	
	2014	13	1	21	925	0.0227027	
	2014	13	2	7	245	0.02857143	
	2014	14	1	34	966	0.03519669	
	2014	14	2	6	276	0.02173913	
	2014	15	1	28	828	0.03381643	
	2014	15	2	15	352	0.04261364	
	2014	16	1	37	728	0.05082418	
	2014	16	2	21	423	0.04964539	
	2014	17	1	37	598	0.06187291	
	2014	17	2	23	444	0.0518018	
	2014	18	1	20	247	0.08097166	
	2014	18	2	25	205	0.1219512	
	2014	19	1	7	59	0.1186441	
	2014	19	2	3	58	0.05172414	
	2014	20	2	0	2	0	
	2015	5	1	0	2	0	
	2015	5	2	0	2	0	
	2015	6	1	0	14	0	
	2015	7	1	0	35	0	
	2015	7	2	0	3	0	
	2015	8	1	1	84	0.01190476	
	2015	8	2	1	16	0.0625	
	2015	9	1	3	262	0.01145038	
	2015	9	2	0	37	0	
	2015	10	1	7	531	0.01318267	
	2015	10	2	2	93	0.02150538	
	2015	11	1	6	831	0.007220217	
	2015	11	2	0	154	0	
	2015	12	1	21	933	0.02250804	
	2015	12	2	4	184	0.02173913	
	2015	13	1	24	990	0.02424242	
	2015	13	2	6	262	0.02290076	
	2015	14	1	25	1006	0.02485089	
	2015	14	2	6	347	0.01729107	
	2015	15	1	33	902	0.03658537	
	2015	15	2	11	327	0.03363914	
	2015	16	1	33	740	0.04459459	
	2015	16	2	17	416	0.04086538	
	2015	17	1	44	610	0.07213115	
	2015	17	2	25	451	0.05543237	
	2015	18	1	22	281	0.07829181	
	2015	18	2	18	244	0.07377049	
	2015	19	1	11	53	0.2075472	
	2015	19	2	6	53	0.1132075	
	2015	20	1	3	6	0.5	
	2015	20	2	0	2	0	
	2016	5	1	0	5	0	
	2016	5	2	0	1	0	
	2016	6	1	0	11	0	
	2016	6	2	0	1	0	
	2016	7	1	0	23	0	
	2016	7	2	0	6	0	
	2016	8	1	0	91	0	
	2016	8	2	1	17	0.05882353	
	2016	9	1	3	240	0.0125	
	2016	9	2	0	33	0	
	2016	10	1	8	504	0.01587302	
	2016	10	2	0	88	0	
	2016	11	1	12	834	0.01438849	
	2016	11	2	1	160	0.00625	
	2016	12	1	16	1005	0.0159204	
	2016	12	2	6	202	0.02970297	
	2016	13	1	22	1061	0.02073516	
	2016	13	2	1	253	0.003952569	
	2016	14	1	19	984	0.01930894	
	2016	14	2	11	340	0.03235294	
	2016	15	1	38	878	0.04328018	
	2016	15	2	17	381	0.04461942	
	2016	16	1	45	840	0.05357143	
	2016	16	2	20	429	0.04662005	
	2016	17	1	40	678	0.05899705	
	2016	17	2	16	458	0.0349345	
	2016	18	1	24	324	0.07407407	
	2016	18	2	23	294	0.07823129	
	2016	19	1	15	65	0.2307692	
	2016	19	2	5	60	0.08333333	
	2016	20	1	1	7	0.1428571	
	2016	20	2	1	7	0.1428571	
	2017	5	1	0	2	0	
	2017	5	2	0	1	0	
	2017	6	1	0	15	0	
	2017	6	2	0	1	0	
	2017	7	1	0	38	0	
	2017	7	2	0	2	0	
	2017	8	1	0	80	0	
	2017	8	2	0	22	0	
	2017	9	1	3	215	0.01395349	
	2017	9	2	2	33	0.06060606	
	2017	10	1	5	532	0.009398496	
	2017	10	2	3	84	0.03571429	
	2017	11	1	16	886	0.01805869	
	2017	11	2	0	160	0	
	2017	12	1	28	1020	0.02745098	
	2017	12	2	6	203	0.02955665	
	2017	13	1	14	1065	0.01314554	
	2017	13	2	1	235	0.004255319	
	2017	14	1	25	979	0.02553626	
	2017	14	2	15	336	0.04464286	
	2017	15	1	34	969	0.03508772	
	2017	15	2	9	407	0.02211302	
	2017	16	1	50	791	0.06321113	
	2017	16	2	26	488	0.05327869	
	2017	17	1	31	663	0.04675716	
	2017	17	2	21	459	0.04575163	
	2017	18	1	31	376	0.08244681	
	2017	18	2	15	272	0.05514706	
	2017	19	1	5	65	0.07692308	
	2017	19	2	13	74	0.1756757	
	2017	20	1	1	6	0.1666667	
	2017	20	2	0	6	0	
	2018	5	1	0	4	0	
	2018	6	1	0	6	0	
	2018	6	2	0	2	0	
	2018	7	1	2	34	0.05882353	
	2018	7	2	0	8	0	
	2018	8	1	0	95	0	
	2018	8	2	2	20	0.1	
	2018	9	1	1	225	0.004444444	
	2018	9	2	1	40	0.025	
	2018	10	1	6	482	0.01244813	
	2018	10	2	2	72	0.02777778	
	2018	11	1	12	888	0.01351351	
	2018	11	2	1	147	0.006802721	
	2018	12	1	11	1113	0.009883199	
	2018	12	2	4	243	0.01646091	
	2018	13	1	19	1071	0.01774043	
	2018	13	2	8	238	0.03361345	
	2018	14	1	27	1023	0.02639296	
	2018	14	2	9	318	0.02830189	
	2018	15	1	35	996	0.03514056	
	2018	15	2	19	431	0.04408353	
	2018	16	1	33	803	0.04109589	
	2018	16	2	9	461	0.01952278	
	2018	17	1	38	681	0.05580029	
	2018	17	2	20	480	0.04166667	
	2018	18	1	15	367	0.04087193	
	2018	18	2	13	288	0.04513889	
	2018	19	1	10	74	0.1351351	
	2018	19	2	13	76	0.1710526	
	2018	20	1	2	10	0.2	
	2018	20	2	1	17	0.05882353	
	2019	5	1	0	1	0	
	2019	6	1	0	4	0	
	2019	6	2	0	5	0	
	2019	7	1	0	38	0	
	2019	7	2	0	4	0	
	2019	8	1	0	92	0	
	2019	8	2	0	12	0	
	2019	9	1	0	234	0	
	2019	9	2	0	33	0	
	2019	10	1	5	463	0.01079914	
	2019	10	2	0	74	0	
	2019	11	1	15	847	0.01770956	
	2019	11	2	2	152	0.01315789	
	2019	12	1	17	1089	0.01561065	
	2019	12	2	5	232	0.02155172	
	2019	13	1	21	1055	0.01990521	
	2019	13	2	4	271	0.01476015	
	2019	14	1	31	1044	0.02969349	
	2019	14	2	8	345	0.02318841	
	2019	15	1	24	1025	0.02341463	
	2019	15	2	27	447	0.06040268	
	2019	16	1	38	896	0.04241071	
	2019	16	2	27	518	0.05212355	
	2019	17	1	37	637	0.05808477	
	2019	17	2	27	470	0.05744681	
	2019	18	1	31	386	0.08031088	
	2019	18	2	22	313	0.07028754	
	2019	19	1	10	74	0.1351351	
	2019	19	2	8	87	0.09195402	
	2019	20	1	1	9	0.1111111	
	2019	20	2	3	17	0.1764706	
