
	F2_03_M Endovaskuläre Stent­Prothese der abdominalen Aorta bei Aneurysma (EVAR), nicht rupturiert, Mortalität // Prothèse stentgraft endovasculaire de l'aorte abdominale en cas d'anévrisme (EVAR), sans rupture, mortalité // Protesi endovascolare dell'aorta addominale in caso di aneurisma (EVAR), senza lacerazione, mortalità
	BAG/OFSP/UFSP - CH-IQI Version V5-2 - Daten 2019 - 21. April 2021

	Jahr	AltEGrp	Sex	DeathCH	CasesCH	pCH	
	2008	11	1	0	2	0	
	2008	12	1	0	11	0	
	2008	13	1	0	22	0	
	2008	13	2	0	3	0	
	2008	14	1	1	56	0.01785714	
	2008	14	2	0	2	0	
	2008	15	1	2	61	0.03278689	
	2008	15	2	1	6	0.1666667	
	2008	16	1	0	60	0	
	2008	16	2	0	5	0	
	2008	17	1	1	49	0.02040816	
	2008	17	2	0	6	0	
	2008	18	1	2	16	0.125	
	2008	18	2	0	2	0	
	2009	11	1	1	6	0.1666667	
	2009	12	1	0	7	0	
	2009	13	1	1	35	0.02857143	
	2009	13	2	0	3	0	
	2009	14	1	0	53	0	
	2009	14	2	0	8	0	
	2009	15	1	0	71	0	
	2009	15	2	0	3	0	
	2009	16	1	3	68	0.04411765	
	2009	16	2	0	11	0	
	2009	17	1	1	45	0.02222222	
	2009	17	2	1	7	0.1428571	
	2009	18	1	1	23	0.04347826	
	2009	18	2	0	2	0	
	2009	19	1	0	1	0	
	2010	9	1	0	1	0	
	2010	10	1	0	1	0	
	2010	11	1	0	4	0	
	2010	12	1	0	20	0	
	2010	12	2	0	1	0	
	2010	13	1	0	39	0	
	2010	14	1	0	52	0	
	2010	14	2	0	4	0	
	2010	15	1	2	77	0.02597403	
	2010	15	2	1	9	0.1111111	
	2010	16	1	0	93	0	
	2010	16	2	1	9	0.1111111	
	2010	17	1	0	49	0	
	2010	17	2	0	8	0	
	2010	18	1	0	21	0	
	2010	18	2	0	3	0	
	2010	19	1	0	1	0	
	2010	19	2	0	1	0	
	2011	9	2	1	1	1	
	2011	10	1	0	3	0	
	2011	11	1	0	5	0	
	2011	12	1	0	22	0	
	2011	12	2	0	1	0	
	2011	13	1	1	37	0.02702703	
	2011	13	2	0	1	0	
	2011	14	1	0	64	0	
	2011	14	2	0	7	0	
	2011	15	1	0	64	0	
	2011	15	2	0	5	0	
	2011	16	1	1	89	0.01123596	
	2011	16	2	0	11	0	
	2011	17	1	2	49	0.04081633	
	2011	17	2	1	13	0.07692308	
	2011	18	1	0	28	0	
	2011	18	2	0	1	0	
	2011	19	1	0	1	0	
	2012	11	1	0	4	0	
	2012	12	1	0	13	0	
	2012	13	1	1	50	0.02	
	2012	13	2	0	1	0	
	2012	14	1	2	89	0.02247191	
	2012	14	2	0	4	0	
	2012	15	1	1	83	0.01204819	
	2012	15	2	0	9	0	
	2012	16	1	1	89	0.01123596	
	2012	16	2	1	11	0.09090909	
	2012	17	1	3	60	0.05	
	2012	17	2	0	11	0	
	2012	18	1	1	20	0.05	
	2012	18	2	0	1	0	
	2012	19	1	0	5	0	
	2013	11	1	0	3	0	
	2013	12	1	0	18	0	
	2013	12	2	1	1	1	
	2013	13	1	0	48	0	
	2013	13	2	0	3	0	
	2013	14	1	1	73	0.01369863	
	2013	14	2	0	7	0	
	2013	15	1	1	89	0.01123596	
	2013	15	2	0	6	0	
	2013	16	1	1	109	0.009174312	
	2013	16	2	1	18	0.05555556	
	2013	17	1	1	79	0.01265823	
	2013	17	2	0	12	0	
	2013	18	1	1	29	0.03448276	
	2013	18	2	0	6	0	
	2013	19	1	0	2	0	
	2013	19	2	0	1	0	
	2013	20	1	0	2	0	
	2014	10	1	0	1	0	
	2014	11	1	0	8	0	
	2014	12	1	2	19	0.1052632	
	2014	12	2	0	1	0	
	2014	13	1	1	40	0.025	
	2014	13	2	0	4	0	
	2014	14	1	0	82	0	
	2014	14	2	0	9	0	
	2014	15	1	2	93	0.02150538	
	2014	15	2	0	14	0	
	2014	16	1	1	116	0.00862069	
	2014	16	2	0	10	0	
	2014	17	1	0	72	0	
	2014	17	2	0	6	0	
	2014	18	1	2	31	0.06451613	
	2014	18	2	0	2	0	
	2014	19	1	0	2	0	
	2014	20	1	0	1	0	
	2015	10	1	0	1	0	
	2015	11	1	0	12	0	
	2015	11	2	0	1	0	
	2015	12	1	0	20	0	
	2015	12	2	0	3	0	
	2015	13	1	0	36	0	
	2015	13	2	0	2	0	
	2015	14	1	0	87	0	
	2015	14	2	0	10	0	
	2015	15	1	1	106	0.009433962	
	2015	15	2	0	16	0	
	2015	16	1	1	106	0.009433962	
	2015	16	2	0	17	0	
	2015	17	1	2	83	0.02409639	
	2015	17	2	0	25	0	
	2015	18	1	0	29	0	
	2015	18	2	0	5	0	
	2015	19	1	0	3	0	
	2015	19	2	0	3	0	
	2015	20	1	0	1	0	
	2016	9	2	0	1	0	
	2016	11	1	0	8	0	
	2016	11	2	0	1	0	
	2016	12	1	0	26	0	
	2016	12	2	0	2	0	
	2016	13	1	1	46	0.02173913	
	2016	13	2	0	5	0	
	2016	14	1	2	91	0.02197802	
	2016	14	2	0	14	0	
	2016	15	1	1	129	0.007751938	
	2016	15	2	0	10	0	
	2016	16	1	0	134	0	
	2016	16	2	0	15	0	
	2016	17	1	0	99	0	
	2016	17	2	0	21	0	
	2016	18	1	1	42	0.02380952	
	2016	18	2	1	5	0.2	
	2016	19	1	0	6	0	
	2016	19	2	1	2	0.5	
	2016	20	1	0	1	0	
	2017	10	1	0	3	0	
	2017	11	1	0	5	0	
	2017	11	2	0	2	0	
	2017	12	1	0	24	0	
	2017	12	2	0	3	0	
	2017	13	1	0	48	0	
	2017	13	2	0	4	0	
	2017	14	1	0	70	0	
	2017	14	2	0	7	0	
	2017	15	1	3	122	0.02459016	
	2017	15	2	0	12	0	
	2017	16	1	0	118	0	
	2017	16	2	0	12	0	
	2017	17	1	1	81	0.01234568	
	2017	17	2	1	14	0.07142857	
	2017	18	1	0	33	0	
	2017	18	2	0	8	0	
	2017	19	1	0	9	0	
	2017	19	2	0	1	0	
	2017	20	1	0	1	0	
	2018	11	1	0	6	0	
	2018	11	2	0	1	0	
	2018	12	1	0	24	0	
	2018	13	1	0	54	0	
	2018	13	2	0	5	0	
	2018	14	1	0	76	0	
	2018	14	2	0	8	0	
	2018	15	1	0	124	0	
	2018	15	2	0	14	0	
	2018	16	1	1	125	0.008	
	2018	16	2	1	16	0.0625	
	2018	17	1	1	96	0.01041667	
	2018	17	2	0	16	0	
	2018	18	1	0	43	0	
	2018	18	2	0	11	0	
	2018	19	1	1	6	0.1666667	
	2018	19	2	0	2	0	
	2018	20	1	0	1	0	
	2019	11	1	0	3	0	
	2019	11	2	0	1	0	
	2019	12	1	0	18	0	
	2019	13	1	1	38	0.02631579	
	2019	13	2	0	4	0	
	2019	14	1	1	75	0.01333333	
	2019	14	2	0	11	0	
	2019	15	1	2	109	0.01834862	
	2019	15	2	0	16	0	
	2019	16	1	1	133	0.007518797	
	2019	16	2	1	18	0.05555556	
	2019	17	1	0	81	0	
	2019	17	2	0	19	0	
	2019	18	1	1	45	0.02222222	
	2019	18	2	0	7	0	
	2019	19	1	0	7	0	
	2019	19	2	0	1	0	
	2019	20	1	0	1	0	
