
	F1_13_M Weitere extrakranielle Gefäss­OP bei OP an Herz, Aorta, Beinarterien, Trauma oder bei HNO-Malignom (Alter >19), Mortalität // Autres OP des vaisseaux extra­crâniens en cas d'OP du cœur, de l'aorte, des artères des jambes, de traumatisme ou de tumeurs malignes ORL (âge >19), mortalité // Altre OP sui vasi extracranici in caso di OP al cuore, all'aorta, alle arterie delle gambe, di trauma o di tumori maligni ORL (età >19), mortalità
	BAG/OFSP/UFSP - CH-IQI Version V5-2 - Daten 2019 - 21. April 2021

	Jahr	AltEGrp	Sex	DeathCH	CasesCH	pCH	
	2008	5	1	1	1	1	
	2008	10	1	0	1	0	
	2008	11	1	0	4	0	
	2008	12	1	0	3	0	
	2008	13	1	1	10	0.1	
	2008	13	2	0	1	0	
	2008	14	1	0	14	0	
	2008	14	2	0	2	0	
	2008	15	1	1	15	0.06666667	
	2008	15	2	0	5	0	
	2008	16	1	1	16	0.0625	
	2008	16	2	1	5	0.2	
	2008	17	1	1	3	0.3333333	
	2008	17	2	0	5	0	
	2008	18	1	0	2	0	
	2009	5	1	0	2	0	
	2009	6	1	0	1	0	
	2009	6	2	0	1	0	
	2009	7	1	0	1	0	
	2009	8	1	0	1	0	
	2009	11	2	0	2	0	
	2009	12	1	0	6	0	
	2009	12	2	0	1	0	
	2009	13	1	0	7	0	
	2009	13	2	0	1	0	
	2009	14	1	2	14	0.1428571	
	2009	14	2	0	4	0	
	2009	15	1	1	16	0.0625	
	2009	15	2	0	7	0	
	2009	16	1	1	12	0.08333333	
	2009	16	2	0	3	0	
	2009	17	1	1	11	0.09090909	
	2009	17	2	1	3	0.3333333	
	2009	18	1	0	1	0	
	2009	18	2	0	2	0	
	2010	10	1	0	1	0	
	2010	11	1	0	2	0	
	2010	11	2	0	1	0	
	2010	12	1	1	4	0.25	
	2010	12	2	0	1	0	
	2010	13	1	0	10	0	
	2010	13	2	0	2	0	
	2010	14	1	0	13	0	
	2010	14	2	0	5	0	
	2010	15	1	1	11	0.09090909	
	2010	15	2	0	4	0	
	2010	16	1	0	15	0	
	2010	16	2	0	4	0	
	2010	17	1	0	3	0	
	2010	17	2	0	2	0	
	2010	18	1	0	1	0	
	2010	18	2	0	1	0	
	2011	10	2	0	2	0	
	2011	11	1	0	2	0	
	2011	11	2	0	1	0	
	2011	12	1	0	6	0	
	2011	12	2	1	8	0.125	
	2011	13	1	1	17	0.05882353	
	2011	13	2	1	6	0.1666667	
	2011	14	1	1	18	0.05555556	
	2011	14	2	0	6	0	
	2011	15	1	0	17	0	
	2011	15	2	1	5	0.2	
	2011	16	1	1	27	0.03703704	
	2011	16	2	0	8	0	
	2011	17	1	0	9	0	
	2011	17	2	0	6	0	
	2011	18	1	0	1	0	
	2011	18	2	0	1	0	
	2012	6	1	0	2	0	
	2012	7	1	0	1	0	
	2012	9	1	0	1	0	
	2012	9	2	0	1	0	
	2012	10	1	0	2	0	
	2012	10	2	0	2	0	
	2012	11	1	0	5	0	
	2012	11	2	0	3	0	
	2012	12	1	0	5	0	
	2012	12	2	1	4	0.25	
	2012	13	1	0	8	0	
	2012	13	2	0	1	0	
	2012	14	1	1	19	0.05263158	
	2012	14	2	1	5	0.2	
	2012	15	1	2	11	0.1818182	
	2012	15	2	1	3	0.3333333	
	2012	16	1	0	21	0	
	2012	16	2	0	5	0	
	2012	17	1	1	9	0.1111111	
	2012	17	2	0	5	0	
	2012	18	1	0	1	0	
	2013	5	1	0	2	0	
	2013	7	1	0	1	0	
	2013	9	1	1	1	1	
	2013	10	1	0	1	0	
	2013	10	2	0	1	0	
	2013	11	1	0	2	0	
	2013	11	2	0	2	0	
	2013	12	1	1	9	0.1111111	
	2013	12	2	0	3	0	
	2013	13	1	1	7	0.1428571	
	2013	14	1	1	10	0.1	
	2013	14	2	0	7	0	
	2013	15	1	2	23	0.08695652	
	2013	15	2	1	4	0.25	
	2013	16	1	1	12	0.08333333	
	2013	16	2	1	10	0.1	
	2013	17	1	1	12	0.08333333	
	2013	17	2	0	3	0	
	2013	18	1	2	4	0.5	
	2014	6	2	0	1	0	
	2014	9	2	1	2	0.5	
	2014	10	1	0	2	0	
	2014	10	2	0	2	0	
	2014	11	1	0	2	0	
	2014	11	2	0	2	0	
	2014	12	1	0	4	0	
	2014	12	2	0	2	0	
	2014	13	1	2	17	0.1176471	
	2014	13	2	0	2	0	
	2014	14	1	1	12	0.08333333	
	2014	14	2	0	5	0	
	2014	15	1	1	12	0.08333333	
	2014	15	2	3	9	0.3333333	
	2014	16	1	0	10	0	
	2014	16	2	0	6	0	
	2014	17	1	1	11	0.09090909	
	2014	17	2	0	2	0	
	2014	18	2	0	1	0	
	2015	6	2	0	1	0	
	2015	7	1	0	1	0	
	2015	7	2	0	1	0	
	2015	8	1	0	1	0	
	2015	8	2	0	1	0	
	2015	10	1	0	2	0	
	2015	10	2	0	1	0	
	2015	11	1	0	10	0	
	2015	11	2	0	2	0	
	2015	12	1	0	8	0	
	2015	12	2	0	3	0	
	2015	13	1	1	10	0.1	
	2015	13	2	0	3	0	
	2015	14	1	1	8	0.125	
	2015	14	2	0	3	0	
	2015	15	1	0	20	0	
	2015	15	2	1	5	0.2	
	2015	16	1	0	10	0	
	2015	16	2	0	7	0	
	2015	17	1	2	11	0.1818182	
	2015	17	2	0	3	0	
	2015	18	1	0	1	0	
	2015	18	2	1	2	0.5	
	2016	7	1	0	1	0	
	2016	8	2	0	1	0	
	2016	9	1	0	1	0	
	2016	9	2	0	1	0	
	2016	10	1	2	5	0.4	
	2016	10	2	1	1	1	
	2016	11	1	0	7	0	
	2016	11	2	0	4	0	
	2016	12	1	3	11	0.2727273	
	2016	12	2	0	4	0	
	2016	13	1	2	7	0.2857143	
	2016	13	2	0	3	0	
	2016	14	1	2	11	0.1818182	
	2016	14	2	1	6	0.1666667	
	2016	15	1	0	20	0	
	2016	15	2	0	3	0	
	2016	16	1	1	9	0.1111111	
	2016	16	2	1	1	1	
	2016	17	1	1	7	0.1428571	
	2016	17	2	0	3	0	
	2016	18	1	0	2	0	
	2016	18	2	0	3	0	
	2017	5	1	1	1	1	
	2017	7	1	0	1	0	
	2017	9	1	0	2	0	
	2017	9	2	0	1	0	
	2017	10	1	0	2	0	
	2017	10	2	0	3	0	
	2017	11	1	0	6	0	
	2017	11	2	0	4	0	
	2017	12	1	1	9	0.1111111	
	2017	13	1	0	12	0	
	2017	13	2	0	2	0	
	2017	14	1	1	18	0.05555556	
	2017	14	2	0	4	0	
	2017	15	1	1	20	0.05	
	2017	15	2	0	8	0	
	2017	16	1	0	11	0	
	2017	16	2	1	8	0.125	
	2017	17	1	1	10	0.1	
	2017	17	2	0	4	0	
	2017	18	1	1	2	0.5	
	2017	18	2	1	2	0.5	
	2018	5	1	0	2	0	
	2018	7	1	0	1	0	
	2018	7	2	0	1	0	
	2018	8	1	0	1	0	
	2018	8	2	0	2	0	
	2018	9	1	0	4	0	
	2018	10	1	0	1	0	
	2018	10	2	0	1	0	
	2018	11	1	1	10	0.1	
	2018	12	1	1	6	0.1666667	
	2018	12	2	0	5	0	
	2018	13	1	0	12	0	
	2018	13	2	0	2	0	
	2018	14	1	3	15	0.2	
	2018	14	2	0	10	0	
	2018	15	1	1	17	0.05882353	
	2018	15	2	1	8	0.125	
	2018	16	1	0	7	0	
	2018	16	2	0	5	0	
	2018	17	1	0	8	0	
	2018	17	2	1	5	0.2	
	2018	18	1	0	2	0	
	2018	18	2	0	4	0	
	2018	19	1	1	1	1	
	2018	19	2	0	1	0	
	2018	20	1	0	1	0	
	2019	7	1	0	2	0	
	2019	7	2	0	1	0	
	2019	8	1	0	2	0	
	2019	8	2	0	1	0	
	2019	10	1	0	2	0	
	2019	10	2	0	1	0	
	2019	11	1	1	12	0.08333333	
	2019	11	2	1	6	0.1666667	
	2019	12	1	0	9	0	
	2019	13	1	1	12	0.08333333	
	2019	13	2	0	2	0	
	2019	14	1	2	17	0.1176471	
	2019	14	2	0	7	0	
	2019	15	1	0	10	0	
	2019	15	2	0	5	0	
	2019	16	1	2	13	0.1538462	
	2019	16	2	0	5	0	
	2019	17	1	0	8	0	
	2019	17	2	0	4	0	
	2019	18	2	1	2	0.5	
