
	I2_14_M Andere OP an der Wirbelsäule oder am Rückenmark, Mortalität // Autres OP de la colonne vertébrale ou de la moelle épinière, mortalité // Altre OP alla colonna vertebrale o al midollo spinale, mortalità
	BAG/OFSP/UFSP - CH-IQI Version V5-2 - Daten 2019 - 21. April 2021

	Jahr	AltEGrp	Sex	DeathCH	CasesCH	pCH	
	2008	1	1	0	27	0	
	2008	1	2	0	17	0	
	2008	2	1	0	21	0	
	2008	2	2	0	13	0	
	2008	3	1	0	34	0	
	2008	3	2	0	30	0	
	2008	4	1	0	71	0	
	2008	4	2	0	62	0	
	2008	5	1	0	47	0	
	2008	5	2	0	293	0	
	2008	6	1	0	74	0	
	2008	6	2	0	600	0	
	2008	7	1	0	108	0	
	2008	7	2	0	818	0	
	2008	8	1	0	186	0	
	2008	8	2	0	575	0	
	2008	9	1	0	285	0	
	2008	9	2	1	403	0.00248139	
	2008	10	1	4	337	0.01186944	
	2008	10	2	1	395	0.002531646	
	2008	11	1	5	434	0.01152074	
	2008	11	2	1	398	0.002512563	
	2008	12	1	5	415	0.01204819	
	2008	12	2	2	439	0.004555809	
	2008	13	1	7	480	0.01458333	
	2008	13	2	3	526	0.005703422	
	2008	14	1	7	406	0.01724138	
	2008	14	2	1	575	0.00173913	
	2008	15	1	9	343	0.02623907	
	2008	15	2	3	656	0.004573171	
	2008	16	1	7	356	0.01966292	
	2008	16	2	5	660	0.007575758	
	2008	17	1	6	218	0.02752294	
	2008	17	2	6	449	0.01336303	
	2008	18	1	4	88	0.04545455	
	2008	18	2	4	207	0.01932367	
	2008	19	1	1	9	0.1111111	
	2008	19	2	0	35	0	
	2008	20	1	0	3	0	
	2008	20	2	0	4	0	
	2009	1	1	1	20	0.05	
	2009	1	2	0	24	0	
	2009	2	1	0	20	0	
	2009	2	2	0	10	0	
	2009	3	1	0	30	0	
	2009	3	2	1	39	0.02564103	
	2009	4	1	0	86	0	
	2009	4	2	0	98	0	
	2009	5	1	1	67	0.01492537	
	2009	5	2	0	252	0	
	2009	6	1	1	97	0.01030928	
	2009	6	2	1	611	0.001636661	
	2009	7	1	0	149	0	
	2009	7	2	1	883	0.001132503	
	2009	8	1	0	218	0	
	2009	8	2	0	670	0	
	2009	9	1	2	289	0.006920415	
	2009	9	2	0	437	0	
	2009	10	1	1	383	0.002610966	
	2009	10	2	1	435	0.002298851	
	2009	11	1	0	395	0	
	2009	11	2	1	467	0.002141328	
	2009	12	1	5	468	0.01068376	
	2009	12	2	2	461	0.004338395	
	2009	13	1	2	519	0.003853565	
	2009	13	2	6	540	0.01111111	
	2009	14	1	6	460	0.01304348	
	2009	14	2	2	585	0.003418803	
	2009	15	1	7	439	0.01594533	
	2009	15	2	3	696	0.004310345	
	2009	16	1	7	435	0.01609195	
	2009	16	2	4	688	0.005813953	
	2009	17	1	3	250	0.012	
	2009	17	2	3	536	0.005597015	
	2009	18	1	4	97	0.04123711	
	2009	18	2	2	246	0.008130081	
	2009	19	1	1	15	0.06666667	
	2009	19	2	2	42	0.04761905	
	2009	20	1	1	1	1	
	2009	20	2	1	6	0.1666667	
	2010	1	1	0	16	0	
	2010	1	2	0	15	0	
	2010	2	1	0	15	0	
	2010	2	2	0	17	0	
	2010	3	1	0	23	0	
	2010	3	2	0	23	0	
	2010	4	1	1	67	0.01492537	
	2010	4	2	0	68	0	
	2010	5	1	0	78	0	
	2010	5	2	0	251	0	
	2010	6	1	0	94	0	
	2010	6	2	0	487	0	
	2010	7	1	0	160	0	
	2010	7	2	1	795	0.001257862	
	2010	8	1	0	189	0	
	2010	8	2	1	558	0.001792115	
	2010	9	1	1	345	0.002898551	
	2010	9	2	2	431	0.004640371	
	2010	10	1	1	405	0.002469136	
	2010	10	2	1	465	0.002150538	
	2010	11	1	1	524	0.001908397	
	2010	11	2	6	544	0.01102941	
	2010	12	1	6	490	0.0122449	
	2010	12	2	3	515	0.005825243	
	2010	13	1	10	535	0.01869159	
	2010	13	2	8	592	0.01351351	
	2010	14	1	11	500	0.022	
	2010	14	2	1	696	0.001436782	
	2010	15	1	6	470	0.01276596	
	2010	15	2	6	775	0.007741935	
	2010	16	1	10	401	0.02493766	
	2010	16	2	3	750	0.004	
	2010	17	1	6	279	0.02150538	
	2010	17	2	7	576	0.01215278	
	2010	18	1	5	101	0.04950495	
	2010	18	2	3	239	0.0125523	
	2010	19	1	0	20	0	
	2010	19	2	2	48	0.04166667	
	2010	20	1	1	5	0.2	
	2010	20	2	1	8	0.125	
	2011	1	1	0	20	0	
	2011	1	2	2	17	0.1176471	
	2011	2	1	0	14	0	
	2011	2	2	0	15	0	
	2011	3	1	0	32	0	
	2011	3	2	0	32	0	
	2011	4	1	1	45	0.02222222	
	2011	4	2	0	55	0	
	2011	5	1	0	58	0	
	2011	5	2	0	191	0	
	2011	6	1	1	67	0.01492537	
	2011	6	2	0	461	0	
	2011	7	1	0	89	0	
	2011	7	2	0	626	0	
	2011	8	1	0	131	0	
	2011	8	2	0	434	0	
	2011	9	1	0	181	0	
	2011	9	2	1	269	0.003717472	
	2011	10	1	1	240	0.004166667	
	2011	10	2	3	283	0.01060071	
	2011	11	1	6	311	0.0192926	
	2011	11	2	0	346	0	
	2011	12	1	7	346	0.02023121	
	2011	12	2	2	321	0.00623053	
	2011	13	1	7	405	0.01728395	
	2011	13	2	3	355	0.008450704	
	2011	14	1	8	441	0.01814059	
	2011	14	2	4	430	0.009302326	
	2011	15	1	5	345	0.01449275	
	2011	15	2	7	422	0.01658768	
	2011	16	1	11	346	0.03179191	
	2011	16	2	4	427	0.009367681	
	2011	17	1	3	210	0.01428571	
	2011	17	2	9	325	0.02769231	
	2011	18	1	9	98	0.09183673	
	2011	18	2	6	137	0.04379562	
	2011	19	1	3	16	0.1875	
	2011	19	2	2	25	0.08	
	2011	20	2	0	2	0	
	2012	1	1	0	18	0	
	2012	1	2	0	16	0	
	2012	2	1	0	24	0	
	2012	2	2	0	15	0	
	2012	3	1	0	30	0	
	2012	3	2	0	23	0	
	2012	4	1	0	47	0	
	2012	4	2	0	44	0	
	2012	5	1	0	56	0	
	2012	5	2	1	112	0.008928571	
	2012	6	1	0	66	0	
	2012	6	2	0	209	0	
	2012	7	1	0	72	0	
	2012	7	2	0	305	0	
	2012	8	1	0	96	0	
	2012	8	2	0	204	0	
	2012	9	1	1	150	0.006666667	
	2012	9	2	0	190	0	
	2012	10	1	3	209	0.01435407	
	2012	10	2	4	233	0.01716738	
	2012	11	1	2	278	0.007194245	
	2012	11	2	3	271	0.01107011	
	2012	12	1	2	302	0.006622517	
	2012	12	2	7	267	0.02621723	
	2012	13	1	5	320	0.015625	
	2012	13	2	5	292	0.01712329	
	2012	14	1	9	386	0.02331606	
	2012	14	2	2	375	0.005333333	
	2012	15	1	12	378	0.03174603	
	2012	15	2	10	402	0.02487562	
	2012	16	1	11	328	0.03353659	
	2012	16	2	4	443	0.009029345	
	2012	17	1	6	260	0.02307692	
	2012	17	2	5	305	0.01639344	
	2012	18	1	6	78	0.07692308	
	2012	18	2	1	102	0.009803922	
	2012	19	1	2	11	0.1818182	
	2012	19	2	0	25	0	
	2012	20	1	0	1	0	
	2012	20	2	0	2	0	
	2013	1	1	0	20	0	
	2013	1	2	0	26	0	
	2013	2	1	1	32	0.03125	
	2013	2	2	0	18	0	
	2013	3	1	0	32	0	
	2013	3	2	0	33	0	
	2013	4	1	0	49	0	
	2013	4	2	0	49	0	
	2013	5	1	0	54	0	
	2013	5	2	0	71	0	
	2013	6	1	0	71	0	
	2013	6	2	0	98	0	
	2013	7	1	1	93	0.01075269	
	2013	7	2	1	175	0.005714286	
	2013	8	1	1	101	0.00990099	
	2013	8	2	0	179	0	
	2013	9	1	2	147	0.01360544	
	2013	9	2	2	165	0.01212121	
	2013	10	1	2	210	0.00952381	
	2013	10	2	2	205	0.009756098	
	2013	11	1	2	224	0.008928571	
	2013	11	2	4	242	0.01652893	
	2013	12	1	3	246	0.01219512	
	2013	12	2	1	233	0.004291845	
	2013	13	1	5	276	0.01811594	
	2013	13	2	3	247	0.01214575	
	2013	14	1	13	318	0.0408805	
	2013	14	2	5	325	0.01538462	
	2013	15	1	10	344	0.02906977	
	2013	15	2	4	309	0.01294498	
	2013	16	1	5	266	0.01879699	
	2013	16	2	5	321	0.01557632	
	2013	17	1	8	184	0.04347826	
	2013	17	2	5	232	0.02155172	
	2013	18	1	5	67	0.07462687	
	2013	18	2	3	108	0.02777778	
	2013	19	1	2	13	0.1538462	
	2013	19	2	2	23	0.08695652	
	2013	20	1	0	1	0	
	2013	20	2	1	2	0.5	
	2014	1	1	1	15	0.06666667	
	2014	1	2	1	23	0.04347826	
	2014	2	1	0	14	0	
	2014	2	2	0	16	0	
	2014	3	1	0	20	0	
	2014	3	2	0	29	0	
	2014	4	1	0	48	0	
	2014	4	2	0	27	0	
	2014	5	1	0	47	0	
	2014	5	2	0	45	0	
	2014	6	1	0	59	0	
	2014	6	2	0	100	0	
	2014	7	1	1	78	0.01282051	
	2014	7	2	0	137	0	
	2014	8	1	3	88	0.03409091	
	2014	8	2	0	123	0	
	2014	9	1	1	134	0.007462687	
	2014	9	2	0	147	0	
	2014	10	1	1	196	0.005102041	
	2014	10	2	2	188	0.0106383	
	2014	11	1	6	229	0.02620087	
	2014	11	2	0	239	0	
	2014	12	1	6	243	0.02469136	
	2014	12	2	1	209	0.004784689	
	2014	13	1	6	277	0.02166065	
	2014	13	2	0	217	0	
	2014	14	1	9	318	0.02830189	
	2014	14	2	1	277	0.003610108	
	2014	15	1	6	293	0.02047782	
	2014	15	2	6	329	0.01823708	
	2014	16	1	4	279	0.01433692	
	2014	16	2	3	342	0.00877193	
	2014	17	1	12	195	0.06153846	
	2014	17	2	5	269	0.01858736	
	2014	18	1	6	88	0.06818182	
	2014	18	2	1	103	0.009708738	
	2014	19	1	1	15	0.06666667	
	2014	19	2	1	18	0.05555556	
	2014	20	1	0	3	0	
	2014	20	2	0	1	0	
	2015	1	1	0	16	0	
	2015	1	2	0	21	0	
	2015	2	1	0	9	0	
	2015	2	2	0	10	0	
	2015	3	1	0	8	0	
	2015	3	2	0	17	0	
	2015	4	1	0	26	0	
	2015	4	2	0	33	0	
	2015	5	1	0	44	0	
	2015	5	2	0	54	0	
	2015	6	1	0	53	0	
	2015	6	2	1	94	0.0106383	
	2015	7	1	0	75	0	
	2015	7	2	0	118	0	
	2015	8	1	0	121	0	
	2015	8	2	3	112	0.02678571	
	2015	9	1	0	137	0	
	2015	9	2	1	157	0.006369427	
	2015	10	1	2	197	0.01015228	
	2015	10	2	0	199	0	
	2015	11	1	4	204	0.01960784	
	2015	11	2	4	199	0.0201005	
	2015	12	1	4	212	0.01886792	
	2015	12	2	0	217	0	
	2015	13	1	6	247	0.0242915	
	2015	13	2	2	249	0.008032129	
	2015	14	1	6	318	0.01886792	
	2015	14	2	4	264	0.01515152	
	2015	15	1	10	302	0.03311258	
	2015	15	2	6	338	0.01775148	
	2015	16	1	15	272	0.05514706	
	2015	16	2	5	322	0.01552795	
	2015	17	1	10	192	0.05208333	
	2015	17	2	3	232	0.01293103	
	2015	18	1	4	83	0.04819277	
	2015	18	2	1	112	0.008928571	
	2015	19	1	0	15	0	
	2015	19	2	3	30	0.1	
	2015	20	2	0	5	0	
	2016	1	1	0	14	0	
	2016	1	2	0	21	0	
	2016	2	1	0	11	0	
	2016	2	2	0	11	0	
	2016	3	1	0	19	0	
	2016	3	2	0	16	0	
	2016	4	1	0	35	0	
	2016	4	2	0	34	0	
	2016	5	1	0	46	0	
	2016	5	2	0	45	0	
	2016	6	1	0	71	0	
	2016	6	2	1	76	0.01315789	
	2016	7	1	0	69	0	
	2016	7	2	0	96	0	
	2016	8	1	0	96	0	
	2016	8	2	0	102	0	
	2016	9	1	2	116	0.01724138	
	2016	9	2	0	128	0	
	2016	10	1	1	158	0.006329114	
	2016	10	2	2	179	0.01117318	
	2016	11	1	1	222	0.004504505	
	2016	11	2	3	216	0.01388889	
	2016	12	1	6	216	0.02777778	
	2016	12	2	2	215	0.009302326	
	2016	13	1	4	256	0.015625	
	2016	13	2	3	206	0.01456311	
	2016	14	1	8	251	0.03187251	
	2016	14	2	2	225	0.008888889	
	2016	15	1	11	325	0.03384615	
	2016	15	2	4	317	0.0126183	
	2016	16	1	6	234	0.02564103	
	2016	16	2	4	299	0.01337793	
	2016	17	1	5	169	0.0295858	
	2016	17	2	3	231	0.01298701	
	2016	18	1	5	75	0.06666667	
	2016	18	2	3	103	0.02912621	
	2016	19	1	1	22	0.04545455	
	2016	19	2	2	32	0.0625	
	2016	20	1	0	1	0	
	2017	1	1	0	24	0	
	2017	1	2	0	16	0	
	2017	2	1	0	7	0	
	2017	2	2	0	9	0	
	2017	3	1	1	16	0.0625	
	2017	3	2	0	20	0	
	2017	4	1	0	26	0	
	2017	4	2	0	36	0	
	2017	5	1	1	41	0.02439024	
	2017	5	2	0	46	0	
	2017	6	1	0	64	0	
	2017	6	2	1	88	0.01136364	
	2017	7	1	2	72	0.02777778	
	2017	7	2	0	84	0	
	2017	8	1	0	86	0	
	2017	8	2	3	118	0.02542373	
	2017	9	1	0	107	0	
	2017	9	2	2	114	0.01754386	
	2017	10	1	1	167	0.005988024	
	2017	10	2	1	159	0.006289308	
	2017	11	1	1	204	0.004901961	
	2017	11	2	2	218	0.009174312	
	2017	12	1	5	229	0.02183406	
	2017	12	2	1	225	0.004444444	
	2017	13	1	1	246	0.004065041	
	2017	13	2	1	226	0.004424779	
	2017	14	1	9	251	0.03585657	
	2017	14	2	2	228	0.00877193	
	2017	15	1	12	297	0.04040404	
	2017	15	2	4	322	0.01242236	
	2017	16	1	11	244	0.04508197	
	2017	16	2	3	303	0.00990099	
	2017	17	1	5	168	0.0297619	
	2017	17	2	4	238	0.01680672	
	2017	18	1	3	77	0.03896104	
	2017	18	2	4	129	0.03100775	
	2017	19	1	2	23	0.08695652	
	2017	19	2	1	19	0.05263158	
	2017	20	2	0	5	0	
	2018	1	1	0	20	0	
	2018	1	2	0	13	0	
	2018	2	1	0	13	0	
	2018	2	2	0	9	0	
	2018	3	1	0	18	0	
	2018	3	2	0	18	0	
	2018	4	1	0	38	0	
	2018	4	2	0	42	0	
	2018	5	1	0	43	0	
	2018	5	2	0	42	0	
	2018	6	1	0	42	0	
	2018	6	2	1	80	0.0125	
	2018	7	1	0	82	0	
	2018	7	2	0	106	0	
	2018	8	1	0	96	0	
	2018	8	2	1	103	0.009708738	
	2018	9	1	0	101	0	
	2018	9	2	3	133	0.02255639	
	2018	10	1	1	139	0.007194245	
	2018	10	2	0	183	0	
	2018	11	1	0	201	0	
	2018	11	2	2	198	0.01010101	
	2018	12	1	2	230	0.008695652	
	2018	12	2	0	207	0	
	2018	13	1	8	215	0.0372093	
	2018	13	2	3	209	0.01435407	
	2018	14	1	5	245	0.02040816	
	2018	14	2	2	217	0.00921659	
	2018	15	1	5	324	0.0154321	
	2018	15	2	2	319	0.006269592	
	2018	16	1	6	276	0.02173913	
	2018	16	2	6	315	0.01904762	
	2018	17	1	6	187	0.03208556	
	2018	17	2	0	249	0	
	2018	18	1	1	99	0.01010101	
	2018	18	2	1	131	0.007633588	
	2018	19	1	0	12	0	
	2018	19	2	1	25	0.04	
	2018	20	2	0	2	0	
	2019	1	1	0	23	0	
	2019	1	2	0	17	0	
	2019	2	1	0	8	0	
	2019	2	2	0	11	0	
	2019	3	1	0	10	0	
	2019	3	2	0	12	0	
	2019	4	1	0	37	0	
	2019	4	2	0	24	0	
	2019	5	1	0	58	0	
	2019	5	2	0	51	0	
	2019	6	1	0	66	0	
	2019	6	2	1	87	0.01149425	
	2019	7	1	0	87	0	
	2019	7	2	0	111	0	
	2019	8	1	1	106	0.009433962	
	2019	8	2	2	121	0.01652893	
	2019	9	1	0	125	0	
	2019	9	2	1	109	0.009174312	
	2019	10	1	0	187	0	
	2019	10	2	4	196	0.02040816	
	2019	11	1	2	252	0.007936508	
	2019	11	2	0	298	0	
	2019	12	1	4	387	0.01033592	
	2019	12	2	1	306	0.003267974	
	2019	13	1	3	427	0.007025761	
	2019	13	2	3	356	0.008426966	
	2019	14	1	5	453	0.01103753	
	2019	14	2	5	436	0.01146789	
	2019	15	1	9	588	0.01530612	
	2019	15	2	2	598	0.003344482	
	2019	16	1	10	510	0.01960784	
	2019	16	2	6	656	0.009146341	
	2019	17	1	9	392	0.02295918	
	2019	17	2	6	501	0.01197605	
	2019	18	1	3	176	0.01704545	
	2019	18	2	0	243	0	
	2019	19	1	1	47	0.0212766	
	2019	19	2	1	53	0.01886792	
	2019	20	1	0	1	0	
	2019	20	2	1	5	0.2	
