
	E4_01_M Kolorektale Resektionen insgesamt, Mortalität // Total des résections colorectales, mortalité // Resezioni colorettali, totale, mortalità
	BAG/OFSP/UFSP - CH-IQI Version V5-2 - Daten 2019 - 21. April 2021

	Jahr	AltEGrp	Sex	DeathCH	CasesCH	pCH	
	2008	1	1	0	33	0	
	2008	1	2	2	15	0.1333333	
	2008	2	1	0	6	0	
	2008	2	2	0	1	0	
	2008	3	1	0	4	0	
	2008	3	2	0	7	0	
	2008	4	1	0	19	0	
	2008	4	2	0	12	0	
	2008	5	1	1	27	0.03703704	
	2008	5	2	0	27	0	
	2008	6	1	0	49	0	
	2008	6	2	2	47	0.04255319	
	2008	7	1	0	64	0	
	2008	7	2	0	62	0	
	2008	8	1	0	87	0	
	2008	8	2	1	77	0.01298701	
	2008	9	1	1	177	0.005649718	
	2008	9	2	0	169	0	
	2008	10	1	2	261	0.007662835	
	2008	10	2	1	242	0.004132231	
	2008	11	1	2	344	0.005813953	
	2008	11	2	4	327	0.01223242	
	2008	12	1	10	518	0.01930502	
	2008	12	2	9	520	0.01730769	
	2008	13	1	17	643	0.02643857	
	2008	13	2	14	683	0.0204978	
	2008	14	1	24	673	0.03566122	
	2008	14	2	19	664	0.02861446	
	2008	15	1	33	661	0.04992436	
	2008	15	2	21	738	0.02845528	
	2008	16	1	39	611	0.06382979	
	2008	16	2	61	718	0.08495822	
	2008	17	1	57	403	0.1414392	
	2008	17	2	36	571	0.06304729	
	2008	18	1	39	179	0.2178771	
	2008	18	2	28	311	0.09003215	
	2008	19	1	6	37	0.1621622	
	2008	19	2	15	91	0.1648352	
	2008	20	1	3	6	0.5	
	2008	20	2	1	8	0.125	
	2009	1	1	0	34	0	
	2009	1	2	1	13	0.07692308	
	2009	2	1	0	4	0	
	2009	2	2	0	1	0	
	2009	3	1	1	7	0.1428571	
	2009	3	2	0	4	0	
	2009	4	1	0	14	0	
	2009	4	2	0	19	0	
	2009	5	1	1	39	0.02564103	
	2009	5	2	1	25	0.04	
	2009	6	1	0	37	0	
	2009	6	2	0	35	0	
	2009	7	1	0	64	0	
	2009	7	2	0	60	0	
	2009	8	1	0	97	0	
	2009	8	2	0	75	0	
	2009	9	1	1	187	0.005347594	
	2009	9	2	1	144	0.006944444	
	2009	10	1	1	239	0.0041841	
	2009	10	2	1	223	0.004484305	
	2009	11	1	8	355	0.02253521	
	2009	11	2	6	385	0.01558442	
	2009	12	1	13	468	0.02777778	
	2009	12	2	8	497	0.01609658	
	2009	13	1	17	630	0.02698413	
	2009	13	2	8	651	0.01228879	
	2009	14	1	33	699	0.0472103	
	2009	14	2	14	688	0.02034884	
	2009	15	1	36	662	0.05438066	
	2009	15	2	32	668	0.04790419	
	2009	16	1	46	564	0.08156028	
	2009	16	2	49	719	0.06815021	
	2009	17	1	53	402	0.1318408	
	2009	17	2	52	567	0.09171076	
	2009	18	1	43	173	0.2485549	
	2009	18	2	54	313	0.172524	
	2009	19	1	8	35	0.2285714	
	2009	19	2	19	73	0.260274	
	2009	20	1	0	3	0	
	2009	20	2	2	12	0.1666667	
	2010	1	1	0	35	0	
	2010	1	2	2	9	0.2222222	
	2010	2	1	0	6	0	
	2010	2	2	0	5	0	
	2010	3	1	0	2	0	
	2010	3	2	0	4	0	
	2010	4	1	0	16	0	
	2010	4	2	0	9	0	
	2010	5	1	0	19	0	
	2010	5	2	0	34	0	
	2010	6	1	0	42	0	
	2010	6	2	0	38	0	
	2010	7	1	0	76	0	
	2010	7	2	0	66	0	
	2010	8	1	2	103	0.01941748	
	2010	8	2	0	91	0	
	2010	9	1	0	168	0	
	2010	9	2	1	136	0.007352941	
	2010	10	1	7	276	0.02536232	
	2010	10	2	2	267	0.007490637	
	2010	11	1	6	376	0.01595745	
	2010	11	2	2	332	0.006024096	
	2010	12	1	5	456	0.01096491	
	2010	12	2	7	434	0.01612903	
	2010	13	1	15	620	0.02419355	
	2010	13	2	10	602	0.0166113	
	2010	14	1	20	717	0.027894	
	2010	14	2	22	764	0.02879581	
	2010	15	1	42	607	0.06919275	
	2010	15	2	19	643	0.02954899	
	2010	16	1	46	555	0.08288288	
	2010	16	2	33	625	0.0528	
	2010	17	1	47	419	0.1121718	
	2010	17	2	68	560	0.1214286	
	2010	18	1	27	156	0.1730769	
	2010	18	2	34	292	0.1164384	
	2010	19	1	6	30	0.2	
	2010	19	2	13	82	0.1585366	
	2010	20	1	0	5	0	
	2010	20	2	4	11	0.3636364	
	2011	1	1	2	44	0.04545455	
	2011	1	2	0	15	0	
	2011	2	1	0	4	0	
	2011	2	2	0	3	0	
	2011	3	1	0	2	0	
	2011	3	2	0	6	0	
	2011	4	1	0	15	0	
	2011	4	2	0	15	0	
	2011	5	1	1	36	0.02777778	
	2011	5	2	0	32	0	
	2011	6	1	2	42	0.04761905	
	2011	6	2	0	55	0	
	2011	7	1	0	69	0	
	2011	7	2	0	75	0	
	2011	8	1	0	90	0	
	2011	8	2	1	77	0.01298701	
	2011	9	1	3	174	0.01724138	
	2011	9	2	2	131	0.01526718	
	2011	10	1	3	304	0.009868421	
	2011	10	2	2	244	0.008196721	
	2011	11	1	8	376	0.0212766	
	2011	11	2	7	382	0.01832461	
	2011	12	1	5	439	0.01138952	
	2011	12	2	2	490	0.004081633	
	2011	13	1	24	693	0.03463203	
	2011	13	2	12	616	0.01948052	
	2011	14	1	24	688	0.03488372	
	2011	14	2	21	750	0.028	
	2011	15	1	41	639	0.06416275	
	2011	15	2	33	649	0.05084746	
	2011	16	1	41	591	0.06937394	
	2011	16	2	43	695	0.0618705	
	2011	17	1	55	377	0.1458886	
	2011	17	2	63	566	0.1113074	
	2011	18	1	28	201	0.1393035	
	2011	18	2	47	285	0.1649123	
	2011	19	1	11	39	0.2820513	
	2011	19	2	17	82	0.2073171	
	2011	20	1	1	2	0.5	
	2011	20	2	1	9	0.1111111	
	2012	1	1	0	25	0	
	2012	1	2	1	11	0.09090909	
	2012	2	1	0	3	0	
	2012	2	2	0	1	0	
	2012	3	1	0	3	0	
	2012	3	2	0	4	0	
	2012	4	1	0	24	0	
	2012	4	2	0	12	0	
	2012	5	1	1	33	0.03030303	
	2012	5	2	0	32	0	
	2012	6	1	1	54	0.01851852	
	2012	6	2	0	42	0	
	2012	7	1	2	66	0.03030303	
	2012	7	2	0	56	0	
	2012	8	1	0	80	0	
	2012	8	2	1	77	0.01298701	
	2012	9	1	1	186	0.005376344	
	2012	9	2	2	149	0.01342282	
	2012	10	1	2	283	0.007067138	
	2012	10	2	4	247	0.01619433	
	2012	11	1	2	399	0.005012531	
	2012	11	2	1	362	0.002762431	
	2012	12	1	9	495	0.01818182	
	2012	12	2	7	459	0.01525054	
	2012	13	1	15	591	0.02538071	
	2012	13	2	11	600	0.01833333	
	2012	14	1	26	671	0.03874814	
	2012	14	2	15	714	0.0210084	
	2012	15	1	40	627	0.06379585	
	2012	15	2	37	714	0.05182073	
	2012	16	1	49	584	0.08390411	
	2012	16	2	46	683	0.06734993	
	2012	17	1	53	426	0.1244131	
	2012	17	2	45	540	0.08333333	
	2012	18	1	26	167	0.1556886	
	2012	18	2	52	320	0.1625	
	2012	19	1	14	51	0.2745098	
	2012	19	2	17	86	0.1976744	
	2012	20	1	3	7	0.4285714	
	2012	20	2	4	8	0.5	
	2013	1	1	0	26	0	
	2013	1	2	0	11	0	
	2013	2	1	0	2	0	
	2013	2	2	0	3	0	
	2013	3	1	0	1	0	
	2013	3	2	0	3	0	
	2013	4	1	0	20	0	
	2013	4	2	0	8	0	
	2013	5	1	0	30	0	
	2013	5	2	0	36	0	
	2013	6	1	0	57	0	
	2013	6	2	0	50	0	
	2013	7	1	1	62	0.01612903	
	2013	7	2	0	77	0	
	2013	8	1	0	83	0	
	2013	8	2	0	92	0	
	2013	9	1	3	155	0.01935484	
	2013	9	2	4	150	0.02666667	
	2013	10	1	2	292	0.006849315	
	2013	10	2	1	260	0.003846154	
	2013	11	1	10	375	0.02666667	
	2013	11	2	3	354	0.008474576	
	2013	12	1	13	525	0.0247619	
	2013	12	2	9	500	0.018	
	2013	13	1	18	549	0.03278689	
	2013	13	2	9	574	0.01567944	
	2013	14	1	20	712	0.02808989	
	2013	14	2	21	673	0.03120357	
	2013	15	1	34	642	0.0529595	
	2013	15	2	29	691	0.04196816	
	2013	16	1	50	581	0.08605852	
	2013	16	2	39	645	0.06046512	
	2013	17	1	61	427	0.1428571	
	2013	17	2	55	552	0.09963768	
	2013	18	1	33	189	0.1746032	
	2013	18	2	42	316	0.1329114	
	2013	19	1	12	53	0.2264151	
	2013	19	2	12	91	0.1318681	
	2013	20	1	2	4	0.5	
	2013	20	2	2	8	0.25	
	2014	1	1	0	31	0	
	2014	1	2	0	10	0	
	2014	2	1	0	4	0	
	2014	2	2	0	2	0	
	2014	3	1	0	3	0	
	2014	3	2	0	5	0	
	2014	4	1	0	15	0	
	2014	4	2	1	17	0.05882353	
	2014	5	1	0	27	0	
	2014	5	2	0	15	0	
	2014	6	1	0	40	0	
	2014	6	2	1	52	0.01923077	
	2014	7	1	1	65	0.01538462	
	2014	7	2	1	73	0.01369863	
	2014	8	1	1	88	0.01136364	
	2014	8	2	2	90	0.02222222	
	2014	9	1	2	141	0.0141844	
	2014	9	2	2	148	0.01351351	
	2014	10	1	5	287	0.0174216	
	2014	10	2	1	224	0.004464286	
	2014	11	1	4	382	0.0104712	
	2014	11	2	3	361	0.008310249	
	2014	12	1	6	453	0.01324503	
	2014	12	2	6	461	0.01301518	
	2014	13	1	11	543	0.02025783	
	2014	13	2	10	593	0.01686341	
	2014	14	1	29	707	0.04101839	
	2014	14	2	17	656	0.02591463	
	2014	15	1	50	679	0.0736377	
	2014	15	2	28	681	0.04111601	
	2014	16	1	54	551	0.09800363	
	2014	16	2	42	668	0.06287425	
	2014	17	1	52	438	0.1187215	
	2014	17	2	51	557	0.09156194	
	2014	18	1	31	177	0.1751412	
	2014	18	2	46	343	0.1341108	
	2014	19	1	7	40	0.175	
	2014	19	2	13	88	0.1477273	
	2014	20	1	0	3	0	
	2014	20	2	3	11	0.2727273	
	2015	1	1	0	31	0	
	2015	1	2	2	20	0.1	
	2015	2	1	0	5	0	
	2015	2	2	1	2	0.5	
	2015	3	1	0	3	0	
	2015	3	2	0	1	0	
	2015	4	1	0	12	0	
	2015	4	2	0	12	0	
	2015	5	1	0	32	0	
	2015	5	2	0	29	0	
	2015	6	1	2	43	0.04651163	
	2015	6	2	0	46	0	
	2015	7	1	0	57	0	
	2015	7	2	1	79	0.01265823	
	2015	8	1	3	99	0.03030303	
	2015	8	2	0	88	0	
	2015	9	1	2	137	0.01459854	
	2015	9	2	0	100	0	
	2015	10	1	1	222	0.004504505	
	2015	10	2	0	198	0	
	2015	11	1	3	353	0.008498584	
	2015	11	2	2	335	0.005970149	
	2015	12	1	9	459	0.01960784	
	2015	12	2	3	420	0.007142857	
	2015	13	1	15	520	0.02884615	
	2015	13	2	7	507	0.01380671	
	2015	14	1	25	637	0.03924647	
	2015	14	2	12	682	0.01759531	
	2015	15	1	37	654	0.05657492	
	2015	15	2	28	722	0.03878116	
	2015	16	1	39	524	0.07442748	
	2015	16	2	31	610	0.05081967	
	2015	17	1	46	432	0.1064815	
	2015	17	2	50	528	0.09469697	
	2015	18	1	40	209	0.1913876	
	2015	18	2	37	329	0.112462	
	2015	19	1	11	43	0.255814	
	2015	19	2	12	84	0.1428571	
	2015	20	1	0	4	0	
	2015	20	2	1	8	0.125	
	2016	1	1	1	36	0.02777778	
	2016	1	2	0	9	0	
	2016	2	1	0	3	0	
	2016	2	2	0	1	0	
	2016	3	1	0	3	0	
	2016	3	2	0	4	0	
	2016	4	1	0	18	0	
	2016	4	2	0	8	0	
	2016	5	1	0	23	0	
	2016	5	2	0	19	0	
	2016	6	1	1	52	0.01923077	
	2016	6	2	2	49	0.04081633	
	2016	7	1	0	46	0	
	2016	7	2	0	68	0	
	2016	8	1	1	106	0.009433962	
	2016	8	2	1	73	0.01369863	
	2016	9	1	0	150	0	
	2016	9	2	0	134	0	
	2016	10	1	2	211	0.009478673	
	2016	10	2	0	186	0	
	2016	11	1	0	358	0	
	2016	11	2	3	366	0.008196721	
	2016	12	1	6	489	0.01226994	
	2016	12	2	6	420	0.01428571	
	2016	13	1	17	585	0.02905983	
	2016	13	2	10	506	0.01976285	
	2016	14	1	18	694	0.0259366	
	2016	14	2	16	624	0.02564103	
	2016	15	1	32	653	0.04900459	
	2016	15	2	22	725	0.03034483	
	2016	16	1	38	505	0.07524752	
	2016	16	2	35	647	0.05409583	
	2016	17	1	46	426	0.1079812	
	2016	17	2	56	536	0.1044776	
	2016	18	1	35	190	0.1842105	
	2016	18	2	38	295	0.1288136	
	2016	19	1	11	51	0.2156863	
	2016	19	2	13	106	0.1226415	
	2016	20	1	1	4	0.25	
	2016	20	2	5	19	0.2631579	
	2017	1	1	3	36	0.08333333	
	2017	1	2	1	16	0.0625	
	2017	2	1	0	3	0	
	2017	2	2	0	3	0	
	2017	3	1	0	3	0	
	2017	3	2	0	3	0	
	2017	4	1	0	13	0	
	2017	4	2	0	12	0	
	2017	5	1	0	28	0	
	2017	5	2	0	36	0	
	2017	6	1	0	35	0	
	2017	6	2	0	43	0	
	2017	7	1	0	72	0	
	2017	7	2	0	74	0	
	2017	8	1	1	110	0.009090909	
	2017	8	2	0	93	0	
	2017	9	1	1	132	0.007575758	
	2017	9	2	0	125	0	
	2017	10	1	3	236	0.01271186	
	2017	10	2	0	201	0	
	2017	11	1	8	382	0.02094241	
	2017	11	2	2	307	0.006514658	
	2017	12	1	11	421	0.02612827	
	2017	12	2	3	404	0.007425743	
	2017	13	1	18	522	0.03448276	
	2017	13	2	10	509	0.01964637	
	2017	14	1	25	619	0.04038772	
	2017	14	2	13	595	0.02184874	
	2017	15	1	44	647	0.06800618	
	2017	15	2	24	685	0.0350365	
	2017	16	1	36	479	0.07515658	
	2017	16	2	33	570	0.05789474	
	2017	17	1	40	408	0.09803922	
	2017	17	2	41	502	0.08167331	
	2017	18	1	28	198	0.1414141	
	2017	18	2	41	316	0.1297468	
	2017	19	1	7	46	0.1521739	
	2017	19	2	17	100	0.17	
	2017	20	1	1	4	0.25	
	2017	20	2	1	10	0.1	
	2018	1	1	1	27	0.03703704	
	2018	1	2	0	19	0	
	2018	2	1	0	1	0	
	2018	2	2	0	2	0	
	2018	3	1	0	5	0	
	2018	3	2	1	4	0.25	
	2018	4	1	0	19	0	
	2018	4	2	1	11	0.09090909	
	2018	5	1	0	28	0	
	2018	5	2	0	24	0	
	2018	6	1	2	55	0.03636364	
	2018	6	2	0	48	0	
	2018	7	1	2	75	0.02666667	
	2018	7	2	0	76	0	
	2018	8	1	0	101	0	
	2018	8	2	1	104	0.009615385	
	2018	9	1	0	150	0	
	2018	9	2	0	136	0	
	2018	10	1	4	224	0.01785714	
	2018	10	2	1	196	0.005102041	
	2018	11	1	8	370	0.02162162	
	2018	11	2	3	343	0.008746356	
	2018	12	1	7	439	0.01594533	
	2018	12	2	3	424	0.007075472	
	2018	13	1	17	520	0.03269231	
	2018	13	2	12	537	0.02234637	
	2018	14	1	22	584	0.03767123	
	2018	14	2	18	619	0.02907916	
	2018	15	1	25	626	0.0399361	
	2018	15	2	21	668	0.03143713	
	2018	16	1	40	570	0.07017544	
	2018	16	2	39	647	0.06027821	
	2018	17	1	29	372	0.07795699	
	2018	17	2	35	502	0.06972112	
	2018	18	1	26	196	0.1326531	
	2018	18	2	34	295	0.1152542	
	2018	19	1	10	38	0.2631579	
	2018	19	2	13	93	0.1397849	
	2018	20	1	1	3	0.3333333	
	2018	20	2	0	12	0	
	2019	1	1	2	33	0.06060606	
	2019	1	2	2	23	0.08695652	
	2019	2	1	0	1	0	
	2019	2	2	0	1	0	
	2019	3	1	0	1	0	
	2019	3	2	0	2	0	
	2019	4	1	1	18	0.05555556	
	2019	4	2	0	17	0	
	2019	5	1	0	18	0	
	2019	5	2	0	31	0	
	2019	6	1	1	50	0.02	
	2019	6	2	0	49	0	
	2019	7	1	2	66	0.03030303	
	2019	7	2	1	90	0.01111111	
	2019	8	1	0	121	0	
	2019	8	2	1	107	0.009345794	
	2019	9	1	0	160	0	
	2019	9	2	0	133	0	
	2019	10	1	3	229	0.01310044	
	2019	10	2	2	195	0.01025641	
	2019	11	1	5	373	0.01340483	
	2019	11	2	2	331	0.006042296	
	2019	12	1	10	445	0.02247191	
	2019	12	2	6	437	0.01372998	
	2019	13	1	18	531	0.03389831	
	2019	13	2	8	512	0.015625	
	2019	14	1	25	542	0.04612546	
	2019	14	2	18	614	0.02931596	
	2019	15	1	36	623	0.05778491	
	2019	15	2	25	720	0.03472222	
	2019	16	1	44	585	0.07521368	
	2019	16	2	23	615	0.03739837	
	2019	17	1	40	423	0.09456265	
	2019	17	2	38	482	0.07883817	
	2019	18	1	29	209	0.138756	
	2019	18	2	30	267	0.1123596	
	2019	19	1	9	41	0.2195122	
	2019	19	2	15	94	0.1595745	
	2019	20	1	2	5	0.4	
	2019	20	2	2	12	0.1666667	
