
	D1_01_M HD Pneumonie, Mortalität // DP pneumonie, mortalité // DP polmonite, mortalità
	BAG/OFSP/UFSP - CH-IQI Version V5-2 - Daten 2019 - 21. April 2021

	Jahr	AltEGrp	Sex	DeathCH	CasesCH	pCH	
	2008	1	1	0	659	0	
	2008	1	2	0	504	0	
	2008	2	1	1	224	0.004464286	
	2008	2	2	0	180	0	
	2008	3	1	0	69	0	
	2008	3	2	1	54	0.01851852	
	2008	4	1	2	70	0.02857143	
	2008	4	2	0	80	0	
	2008	5	1	1	77	0.01298701	
	2008	5	2	1	57	0.01754386	
	2008	6	1	1	86	0.01162791	
	2008	6	2	1	84	0.01190476	
	2008	7	1	2	122	0.01639344	
	2008	7	2	5	115	0.04347826	
	2008	8	1	1	212	0.004716981	
	2008	8	2	2	183	0.01092896	
	2008	9	1	1	262	0.003816794	
	2008	9	2	4	206	0.01941748	
	2008	10	1	8	307	0.02605863	
	2008	10	2	7	210	0.03333333	
	2008	11	1	14	368	0.03804348	
	2008	11	2	9	231	0.03896104	
	2008	12	1	19	478	0.03974895	
	2008	12	2	14	340	0.04117647	
	2008	13	1	47	695	0.0676259	
	2008	13	2	31	493	0.06288032	
	2008	14	1	71	834	0.08513189	
	2008	14	2	27	532	0.05075188	
	2008	15	1	95	1073	0.08853681	
	2008	15	2	46	600	0.07666667	
	2008	16	1	124	1334	0.09295352	
	2008	16	2	55	865	0.06358382	
	2008	17	1	127	1315	0.09657795	
	2008	17	2	86	1068	0.08052434	
	2008	18	1	170	1133	0.1500441	
	2008	18	2	92	904	0.1017699	
	2008	19	1	78	445	0.1752809	
	2008	19	2	66	444	0.1486486	
	2008	20	1	18	122	0.147541	
	2008	20	2	32	163	0.196319	
	2009	1	1	0	655	0	
	2009	1	2	0	486	0	
	2009	2	1	2	248	0.008064516	
	2009	2	2	2	223	0.00896861	
	2009	3	1	1	113	0.008849558	
	2009	3	2	1	85	0.01176471	
	2009	4	1	1	121	0.008264463	
	2009	4	2	3	101	0.02970297	
	2009	5	1	1	121	0.008264463	
	2009	5	2	0	77	0	
	2009	6	1	1	113	0.008849558	
	2009	6	2	0	98	0	
	2009	7	1	1	142	0.007042254	
	2009	7	2	2	156	0.01282051	
	2009	8	1	3	207	0.01449275	
	2009	8	2	0	196	0	
	2009	9	1	4	257	0.0155642	
	2009	9	2	3	239	0.0125523	
	2009	10	1	10	369	0.02710027	
	2009	10	2	6	235	0.02553191	
	2009	11	1	16	434	0.03686636	
	2009	11	2	6	292	0.02054795	
	2009	12	1	18	459	0.03921569	
	2009	12	2	13	359	0.0362117	
	2009	13	1	49	786	0.06234097	
	2009	13	2	13	515	0.02524272	
	2009	14	1	59	894	0.06599553	
	2009	14	2	29	600	0.04833333	
	2009	15	1	102	1090	0.09357798	
	2009	15	2	39	696	0.05603448	
	2009	16	1	133	1371	0.09700948	
	2009	16	2	51	904	0.05641593	
	2009	17	1	157	1471	0.1067301	
	2009	17	2	95	1114	0.08527828	
	2009	18	1	156	1205	0.1294606	
	2009	18	2	101	945	0.1068783	
	2009	19	1	90	469	0.1918977	
	2009	19	2	69	529	0.1304348	
	2009	20	1	24	133	0.1804511	
	2009	20	2	30	164	0.1829268	
	2010	1	1	0	743	0	
	2010	1	2	3	674	0.004451039	
	2010	2	1	3	265	0.01132075	
	2010	2	2	0	217	0	
	2010	3	1	0	117	0	
	2010	3	2	1	92	0.01086957	
	2010	4	1	1	118	0.008474576	
	2010	4	2	0	92	0	
	2010	5	1	3	124	0.02419355	
	2010	5	2	0	83	0	
	2010	6	1	0	109	0	
	2010	6	2	0	101	0	
	2010	7	1	1	120	0.008333333	
	2010	7	2	2	133	0.01503759	
	2010	8	1	1	198	0.005050505	
	2010	8	2	1	176	0.005681818	
	2010	9	1	8	254	0.03149606	
	2010	9	2	3	248	0.01209677	
	2010	10	1	5	333	0.01501502	
	2010	10	2	5	232	0.02155172	
	2010	11	1	8	381	0.02099738	
	2010	11	2	8	299	0.02675585	
	2010	12	1	19	498	0.03815261	
	2010	12	2	15	365	0.04109589	
	2010	13	1	32	701	0.04564907	
	2010	13	2	12	555	0.02162162	
	2010	14	1	49	948	0.05168776	
	2010	14	2	33	595	0.05546218	
	2010	15	1	79	1107	0.07136405	
	2010	15	2	34	673	0.05052006	
	2010	16	1	118	1487	0.0793544	
	2010	16	2	49	881	0.05561862	
	2010	17	1	172	1516	0.1134565	
	2010	17	2	91	1109	0.08205591	
	2010	18	1	172	1215	0.1415638	
	2010	18	2	103	1121	0.09188225	
	2010	19	1	88	553	0.159132	
	2010	19	2	61	529	0.1153119	
	2010	20	1	33	155	0.2129032	
	2010	20	2	28	172	0.1627907	
	2011	1	1	2	663	0.003016591	
	2011	1	2	1	559	0.001788909	
	2011	2	1	1	225	0.004444444	
	2011	2	2	0	224	0	
	2011	3	1	0	87	0	
	2011	3	2	1	89	0.01123596	
	2011	4	1	4	122	0.03278689	
	2011	4	2	1	81	0.01234568	
	2011	5	1	0	109	0	
	2011	5	2	1	88	0.01136364	
	2011	6	1	1	126	0.007936508	
	2011	6	2	1	95	0.01052632	
	2011	7	1	1	137	0.00729927	
	2011	7	2	1	149	0.006711409	
	2011	8	1	1	194	0.005154639	
	2011	8	2	1	184	0.005434783	
	2011	9	1	2	318	0.006289308	
	2011	9	2	4	201	0.0199005	
	2011	10	1	12	346	0.03468208	
	2011	10	2	3	250	0.012	
	2011	11	1	18	428	0.04205607	
	2011	11	2	4	286	0.01398601	
	2011	12	1	17	538	0.03159851	
	2011	12	2	9	376	0.02393617	
	2011	13	1	35	658	0.05319149	
	2011	13	2	26	515	0.05048544	
	2011	14	1	66	1032	0.06395349	
	2011	14	2	22	650	0.03384615	
	2011	15	1	85	1127	0.07542147	
	2011	15	2	37	697	0.05308465	
	2011	16	1	152	1583	0.09602021	
	2011	16	2	52	951	0.05467928	
	2011	17	1	179	1606	0.111457	
	2011	17	2	87	1228	0.07084691	
	2011	18	1	168	1288	0.1304348	
	2011	18	2	124	1109	0.1118124	
	2011	19	1	82	584	0.140411	
	2011	19	2	77	605	0.1272727	
	2011	20	1	31	121	0.2561983	
	2011	20	2	38	206	0.184466	
	2012	1	1	1	640	0.0015625	
	2012	1	2	0	550	0	
	2012	2	1	0	222	0	
	2012	2	2	0	174	0	
	2012	3	1	1	76	0.01315789	
	2012	3	2	0	69	0	
	2012	4	1	2	86	0.02325581	
	2012	4	2	0	71	0	
	2012	5	1	2	103	0.01941748	
	2012	5	2	1	66	0.01515152	
	2012	6	1	1	93	0.01075269	
	2012	6	2	1	81	0.01234568	
	2012	7	1	1	121	0.008264463	
	2012	7	2	1	115	0.008695652	
	2012	8	1	2	178	0.01123596	
	2012	8	2	0	170	0	
	2012	9	1	7	216	0.03240741	
	2012	9	2	1	198	0.005050505	
	2012	10	1	4	324	0.01234568	
	2012	10	2	7	212	0.03301887	
	2012	11	1	14	412	0.03398058	
	2012	11	2	9	275	0.03272727	
	2012	12	1	15	493	0.03042596	
	2012	12	2	16	363	0.04407713	
	2012	13	1	44	698	0.06303725	
	2012	13	2	23	476	0.04831933	
	2012	14	1	67	1030	0.06504854	
	2012	14	2	30	637	0.04709576	
	2012	15	1	80	1236	0.06472492	
	2012	15	2	27	693	0.03896104	
	2012	16	1	115	1533	0.07501631	
	2012	16	2	47	941	0.04994687	
	2012	17	1	166	1730	0.09595376	
	2012	17	2	90	1249	0.07205765	
	2012	18	1	164	1315	0.1247148	
	2012	18	2	119	1225	0.09714286	
	2012	19	1	92	670	0.1373134	
	2012	19	2	65	677	0.09601182	
	2012	20	1	23	142	0.1619718	
	2012	20	2	35	209	0.1674641	
	2013	1	1	3	595	0.005042017	
	2013	1	2	0	545	0	
	2013	2	1	0	191	0	
	2013	2	2	1	173	0.005780347	
	2013	3	1	0	74	0	
	2013	3	2	0	54	0	
	2013	4	1	1	72	0.01388889	
	2013	4	2	0	47	0	
	2013	5	1	2	76	0.02631579	
	2013	5	2	1	50	0.02	
	2013	6	1	0	78	0	
	2013	6	2	1	77	0.01298701	
	2013	7	1	1	110	0.009090909	
	2013	7	2	1	128	0.0078125	
	2013	8	1	1	180	0.005555556	
	2013	8	2	2	156	0.01282051	
	2013	9	1	3	235	0.01276596	
	2013	9	2	4	216	0.01851852	
	2013	10	1	12	306	0.03921569	
	2013	10	2	3	189	0.01587302	
	2013	11	1	17	402	0.04228856	
	2013	11	2	7	280	0.025	
	2013	12	1	21	542	0.03874539	
	2013	12	2	14	374	0.03743316	
	2013	13	1	35	735	0.04761905	
	2013	13	2	14	487	0.02874743	
	2013	14	1	50	974	0.0513347	
	2013	14	2	35	711	0.04922644	
	2013	15	1	68	1294	0.05255023	
	2013	15	2	31	768	0.04036458	
	2013	16	1	116	1507	0.07697412	
	2013	16	2	63	1017	0.0619469	
	2013	17	1	188	1727	0.1088593	
	2013	17	2	86	1308	0.06574924	
	2013	18	1	173	1457	0.1187371	
	2013	18	2	106	1324	0.08006042	
	2013	19	1	89	714	0.1246499	
	2013	19	2	84	801	0.1048689	
	2013	20	1	24	148	0.1621622	
	2013	20	2	28	218	0.1284404	
	2014	1	1	0	589	0	
	2014	1	2	0	539	0	
	2014	2	1	0	214	0	
	2014	2	2	0	171	0	
	2014	3	1	0	78	0	
	2014	3	2	0	70	0	
	2014	4	1	0	110	0	
	2014	4	2	0	81	0	
	2014	5	1	3	112	0.02678571	
	2014	5	2	0	82	0	
	2014	6	1	2	105	0.01904762	
	2014	6	2	0	103	0	
	2014	7	1	0	127	0	
	2014	7	2	1	129	0.007751938	
	2014	8	1	1	192	0.005208333	
	2014	8	2	1	186	0.005376344	
	2014	9	1	3	204	0.01470588	
	2014	9	2	1	218	0.004587156	
	2014	10	1	5	326	0.01533742	
	2014	10	2	1	241	0.004149378	
	2014	11	1	11	429	0.02564103	
	2014	11	2	4	264	0.01515152	
	2014	12	1	14	558	0.02508961	
	2014	12	2	12	378	0.03174603	
	2014	13	1	26	719	0.03616134	
	2014	13	2	12	443	0.02708804	
	2014	14	1	49	1032	0.04748062	
	2014	14	2	19	647	0.02936631	
	2014	15	1	69	1288	0.05357143	
	2014	15	2	47	788	0.05964467	
	2014	16	1	113	1535	0.07361564	
	2014	16	2	55	1090	0.05045872	
	2014	17	1	162	1705	0.09501466	
	2014	17	2	82	1238	0.06623586	
	2014	18	1	185	1475	0.1254237	
	2014	18	2	100	1295	0.07722008	
	2014	19	1	96	717	0.1338912	
	2014	19	2	99	780	0.1269231	
	2014	20	1	21	132	0.1590909	
	2014	20	2	28	222	0.1261261	
	2015	1	1	1	605	0.001652893	
	2015	1	2	1	518	0.001930502	
	2015	2	1	0	179	0	
	2015	2	2	0	179	0	
	2015	3	1	1	67	0.01492537	
	2015	3	2	0	70	0	
	2015	4	1	2	101	0.01980198	
	2015	4	2	1	69	0.01449275	
	2015	5	1	2	116	0.01724138	
	2015	5	2	1	81	0.01234568	
	2015	6	1	1	133	0.007518797	
	2015	6	2	0	111	0	
	2015	7	1	1	155	0.006451613	
	2015	7	2	0	131	0	
	2015	8	1	1	185	0.005405405	
	2015	8	2	0	202	0	
	2015	9	1	5	280	0.01785714	
	2015	9	2	2	219	0.00913242	
	2015	10	1	11	336	0.0327381	
	2015	10	2	8	252	0.03174603	
	2015	11	1	13	469	0.02771855	
	2015	11	2	4	312	0.01282051	
	2015	12	1	15	617	0.02431118	
	2015	12	2	9	433	0.02078522	
	2015	13	1	34	792	0.04292929	
	2015	13	2	14	557	0.02513465	
	2015	14	1	62	1142	0.05429072	
	2015	14	2	24	800	0.03	
	2015	15	1	107	1526	0.07011796	
	2015	15	2	49	970	0.05051546	
	2015	16	1	117	1813	0.06453392	
	2015	16	2	53	1167	0.0454156	
	2015	17	1	161	2089	0.07707037	
	2015	17	2	85	1520	0.05592105	
	2015	18	1	203	1766	0.114949	
	2015	18	2	147	1596	0.09210526	
	2015	19	1	120	965	0.1243523	
	2015	19	2	103	1029	0.1000972	
	2015	20	1	24	189	0.1269841	
	2015	20	2	48	262	0.1832061	
	2016	1	1	0	602	0	
	2016	1	2	1	580	0.001724138	
	2016	2	1	0	228	0	
	2016	2	2	0	221	0	
	2016	3	1	0	65	0	
	2016	3	2	0	77	0	
	2016	4	1	0	106	0	
	2016	4	2	0	74	0	
	2016	5	1	2	137	0.01459854	
	2016	5	2	1	92	0.01086957	
	2016	6	1	0	129	0	
	2016	6	2	0	88	0	
	2016	7	1	0	156	0	
	2016	7	2	0	159	0	
	2016	8	1	1	196	0.005102041	
	2016	8	2	0	169	0	
	2016	9	1	4	256	0.015625	
	2016	9	2	0	203	0	
	2016	10	1	5	360	0.01388889	
	2016	10	2	3	255	0.01176471	
	2016	11	1	8	475	0.01684211	
	2016	11	2	3	351	0.008547009	
	2016	12	1	22	612	0.03594771	
	2016	12	2	10	433	0.02309469	
	2016	13	1	16	799	0.02002503	
	2016	13	2	13	524	0.02480916	
	2016	14	1	49	1134	0.04320988	
	2016	14	2	20	742	0.02695418	
	2016	15	1	90	1468	0.0613079	
	2016	15	2	33	982	0.03360489	
	2016	16	1	91	1674	0.05436081	
	2016	16	2	56	1131	0.0495137	
	2016	17	1	173	2015	0.08585608	
	2016	17	2	82	1425	0.05754386	
	2016	18	1	192	1689	0.1136767	
	2016	18	2	125	1422	0.08790436	
	2016	19	1	120	835	0.1437126	
	2016	19	2	125	944	0.1324153	
	2016	20	1	36	208	0.1730769	
	2016	20	2	37	267	0.1385768	
	2017	1	1	3	501	0.005988024	
	2017	1	2	0	473	0	
	2017	2	1	0	146	0	
	2017	2	2	0	116	0	
	2017	3	1	0	69	0	
	2017	3	2	0	49	0	
	2017	4	1	1	87	0.01149425	
	2017	4	2	1	77	0.01298701	
	2017	5	1	2	94	0.0212766	
	2017	5	2	0	49	0	
	2017	6	1	1	122	0.008196721	
	2017	6	2	2	78	0.02564103	
	2017	7	1	1	139	0.007194245	
	2017	7	2	0	121	0	
	2017	8	1	1	185	0.005405405	
	2017	8	2	1	150	0.006666667	
	2017	9	1	2	232	0.00862069	
	2017	9	2	0	163	0	
	2017	10	1	3	347	0.008645533	
	2017	10	2	4	219	0.01826484	
	2017	11	1	13	443	0.02934537	
	2017	11	2	4	355	0.01126761	
	2017	12	1	19	634	0.02996845	
	2017	12	2	7	440	0.01590909	
	2017	13	1	31	826	0.03753027	
	2017	13	2	17	598	0.02842809	
	2017	14	1	54	1118	0.04830054	
	2017	14	2	19	831	0.02286402	
	2017	15	1	87	1565	0.05559105	
	2017	15	2	44	1034	0.04255319	
	2017	16	1	129	1922	0.06711759	
	2017	16	2	49	1210	0.04049587	
	2017	17	1	176	2241	0.07853637	
	2017	17	2	80	1628	0.04914005	
	2017	18	1	195	1841	0.1059207	
	2017	18	2	138	1725	0.08	
	2017	19	1	128	912	0.1403509	
	2017	19	2	117	1076	0.1087361	
	2017	20	1	38	233	0.1630901	
	2017	20	2	46	344	0.1337209	
	2018	1	1	3	675	0.004444444	
	2018	1	2	1	554	0.001805054	
	2018	2	1	0	212	0	
	2018	2	2	0	186	0	
	2018	3	1	2	58	0.03448276	
	2018	3	2	1	72	0.01388889	
	2018	4	1	1	94	0.0106383	
	2018	4	2	0	61	0	
	2018	5	1	1	133	0.007518797	
	2018	5	2	0	84	0	
	2018	6	1	0	127	0	
	2018	6	2	1	120	0.008333333	
	2018	7	1	1	155	0.006451613	
	2018	7	2	1	125	0.008	
	2018	8	1	1	229	0.004366812	
	2018	8	2	0	205	0	
	2018	9	1	2	250	0.008	
	2018	9	2	1	221	0.004524887	
	2018	10	1	5	389	0.01285347	
	2018	10	2	3	313	0.009584665	
	2018	11	1	8	503	0.01590457	
	2018	11	2	12	385	0.03116883	
	2018	12	1	19	683	0.02781845	
	2018	12	2	8	476	0.01680672	
	2018	13	1	29	852	0.03403756	
	2018	13	2	16	689	0.02322206	
	2018	14	1	43	1179	0.03647159	
	2018	14	2	22	880	0.025	
	2018	15	1	84	1769	0.04748445	
	2018	15	2	42	1131	0.03713528	
	2018	16	1	103	1913	0.05384213	
	2018	16	2	66	1351	0.0488527	
	2018	17	1	183	2277	0.08036891	
	2018	17	2	85	1692	0.05023641	
	2018	18	1	216	1985	0.1088161	
	2018	18	2	107	1722	0.06213705	
	2018	19	1	111	954	0.1163522	
	2018	19	2	129	1096	0.1177007	
	2018	20	1	29	212	0.1367925	
	2018	20	2	48	355	0.1352113	
	2019	1	1	0	681	0	
	2019	1	2	3	594	0.005050505	
	2019	2	1	0	202	0	
	2019	2	2	0	181	0	
	2019	3	1	0	70	0	
	2019	3	2	3	84	0.03571429	
	2019	4	1	0	85	0	
	2019	4	2	1	77	0.01298701	
	2019	5	1	0	117	0	
	2019	5	2	0	93	0	
	2019	6	1	1	123	0.008130081	
	2019	6	2	0	108	0	
	2019	7	1	2	186	0.01075269	
	2019	7	2	0	130	0	
	2019	8	1	0	203	0	
	2019	8	2	0	215	0	
	2019	9	1	2	246	0.008130081	
	2019	9	2	2	203	0.009852217	
	2019	10	1	2	332	0.006024096	
	2019	10	2	2	231	0.008658009	
	2019	11	1	12	502	0.02390438	
	2019	11	2	3	347	0.008645533	
	2019	12	1	16	581	0.02753873	
	2019	12	2	7	484	0.01446281	
	2019	13	1	21	828	0.02536232	
	2019	13	2	11	644	0.01708075	
	2019	14	1	41	1162	0.03528399	
	2019	14	2	31	809	0.03831891	
	2019	15	1	68	1700	0.04	
	2019	15	2	39	1160	0.03362069	
	2019	16	1	125	1950	0.06410256	
	2019	16	2	55	1339	0.04107543	
	2019	17	1	168	2175	0.07724138	
	2019	17	2	95	1660	0.05722892	
	2019	18	1	193	1862	0.103652	
	2019	18	2	148	1779	0.0831928	
	2019	19	1	153	1027	0.1489776	
	2019	19	2	107	1129	0.09477414	
	2019	20	1	53	267	0.1985019	
	2019	20	2	48	382	0.1256545	
