
	A7_07_M Isolierter offener Aortenklappenersatz ohne weitere OP am Herzen (Alter >19), Mortalität // Remplacement isolé de valve aortique à cœur ouvert sans autre OP du cœur (âge >19), mortalité // Sostituzione isolata della valvola aortica a cuore aperto senza altre OP al cuore (età >19), mortalità
	BAG/OFSP/UFSP - CH-IQI Version V5-2 - Daten 2019 - 21. April 2021

	Jahr	AltEGrp	Sex	DeathCH	CasesCH	pCH	
	2008	5	1	0	2	0	
	2008	6	1	0	6	0	
	2008	6	2	0	1	0	
	2008	7	1	0	4	0	
	2008	7	2	0	1	0	
	2008	8	1	0	7	0	
	2008	8	2	0	2	0	
	2008	9	1	0	14	0	
	2008	9	2	0	1	0	
	2008	10	1	0	17	0	
	2008	10	2	0	6	0	
	2008	11	1	0	22	0	
	2008	11	2	0	2	0	
	2008	12	1	1	26	0.03846154	
	2008	12	2	0	11	0	
	2008	13	1	1	48	0.02083333	
	2008	13	2	1	15	0.06666667	
	2008	14	1	0	49	0	
	2008	14	2	0	24	0	
	2008	15	1	2	51	0.03921569	
	2008	15	2	2	43	0.04651163	
	2008	16	1	2	55	0.03636364	
	2008	16	2	3	48	0.0625	
	2008	17	1	2	31	0.06451613	
	2008	17	2	3	48	0.0625	
	2008	18	1	0	9	0	
	2008	18	2	1	15	0.06666667	
	2008	19	2	0	1	0	
	2009	5	1	0	1	0	
	2009	6	1	1	7	0.1428571	
	2009	6	2	0	3	0	
	2009	7	1	0	6	0	
	2009	7	2	0	2	0	
	2009	8	1	0	5	0	
	2009	8	2	0	1	0	
	2009	9	1	1	11	0.09090909	
	2009	9	2	0	5	0	
	2009	10	1	0	12	0	
	2009	10	2	0	2	0	
	2009	11	1	0	22	0	
	2009	11	2	0	5	0	
	2009	12	1	0	26	0	
	2009	12	2	0	11	0	
	2009	13	1	0	67	0	
	2009	13	2	0	21	0	
	2009	14	1	0	52	0	
	2009	14	2	0	25	0	
	2009	15	1	1	67	0.01492537	
	2009	15	2	1	47	0.0212766	
	2009	16	1	2	93	0.02150538	
	2009	16	2	3	73	0.04109589	
	2009	17	1	3	45	0.06666667	
	2009	17	2	3	55	0.05454545	
	2009	18	1	2	11	0.1818182	
	2009	18	2	0	20	0	
	2009	19	1	1	1	1	
	2009	19	2	1	2	0.5	
	2009	20	2	0	1	0	
	2010	5	2	0	1	0	
	2010	6	1	0	2	0	
	2010	6	2	0	5	0	
	2010	7	1	0	3	0	
	2010	7	2	0	3	0	
	2010	8	1	0	2	0	
	2010	8	2	0	2	0	
	2010	9	1	0	7	0	
	2010	9	2	0	3	0	
	2010	10	1	0	14	0	
	2010	10	2	0	3	0	
	2010	11	1	0	19	0	
	2010	11	2	0	6	0	
	2010	12	1	1	31	0.03225806	
	2010	12	2	0	10	0	
	2010	13	1	0	60	0	
	2010	13	2	0	18	0	
	2010	14	1	0	72	0	
	2010	14	2	0	38	0	
	2010	15	1	1	76	0.01315789	
	2010	15	2	0	46	0	
	2010	16	1	5	87	0.05747126	
	2010	16	2	0	72	0	
	2010	17	1	2	53	0.03773585	
	2010	17	2	3	83	0.03614458	
	2010	18	1	1	23	0.04347826	
	2010	18	2	1	43	0.02325581	
	2010	19	1	0	2	0	
	2010	19	2	0	5	0	
	2011	5	1	0	7	0	
	2011	5	2	0	4	0	
	2011	6	1	0	9	0	
	2011	6	2	0	5	0	
	2011	7	1	1	7	0.1428571	
	2011	7	2	0	4	0	
	2011	8	1	0	12	0	
	2011	8	2	0	3	0	
	2011	9	1	0	21	0	
	2011	9	2	0	3	0	
	2011	10	1	1	29	0.03448276	
	2011	10	2	0	5	0	
	2011	11	1	0	44	0	
	2011	11	2	0	8	0	
	2011	12	1	0	45	0	
	2011	12	2	0	12	0	
	2011	13	1	1	80	0.0125	
	2011	13	2	0	29	0	
	2011	14	1	0	94	0	
	2011	14	2	0	46	0	
	2011	15	1	2	79	0.02531646	
	2011	15	2	1	48	0.02083333	
	2011	16	1	6	93	0.06451613	
	2011	16	2	4	63	0.06349206	
	2011	17	1	2	55	0.03636364	
	2011	17	2	1	69	0.01449275	
	2011	18	1	2	14	0.1428571	
	2011	18	2	2	16	0.125	
	2012	5	1	0	6	0	
	2012	6	1	0	8	0	
	2012	7	1	0	2	0	
	2012	8	1	0	13	0	
	2012	8	2	0	2	0	
	2012	9	1	0	14	0	
	2012	9	2	0	3	0	
	2012	10	1	0	34	0	
	2012	10	2	0	7	0	
	2012	11	1	1	47	0.0212766	
	2012	11	2	0	9	0	
	2012	12	1	0	58	0	
	2012	12	2	0	17	0	
	2012	13	1	0	67	0	
	2012	13	2	0	21	0	
	2012	14	1	4	94	0.04255319	
	2012	14	2	0	44	0	
	2012	15	1	2	100	0.02	
	2012	15	2	3	70	0.04285714	
	2012	16	1	3	79	0.03797468	
	2012	16	2	3	76	0.03947368	
	2012	17	1	3	48	0.0625	
	2012	17	2	2	56	0.03571429	
	2012	18	1	0	14	0	
	2012	18	2	0	11	0	
	2012	19	1	1	1	1	
	2012	19	2	0	1	0	
	2013	5	1	0	2	0	
	2013	5	2	0	2	0	
	2013	6	1	0	2	0	
	2013	6	2	0	1	0	
	2013	7	1	0	6	0	
	2013	7	2	0	1	0	
	2013	8	1	0	9	0	
	2013	8	2	0	4	0	
	2013	9	1	0	17	0	
	2013	9	2	0	3	0	
	2013	10	1	0	43	0	
	2013	10	2	0	7	0	
	2013	11	1	0	49	0	
	2013	11	2	0	11	0	
	2013	12	1	0	62	0	
	2013	12	2	0	16	0	
	2013	13	1	1	84	0.01190476	
	2013	13	2	0	27	0	
	2013	14	1	3	99	0.03030303	
	2013	14	2	0	57	0	
	2013	15	1	2	112	0.01785714	
	2013	15	2	0	73	0	
	2013	16	1	3	93	0.03225806	
	2013	16	2	4	87	0.04597701	
	2013	17	1	1	51	0.01960784	
	2013	17	2	3	43	0.06976744	
	2013	18	1	1	14	0.07142857	
	2013	18	2	1	12	0.08333333	
	2013	19	2	1	1	1	
	2014	5	1	0	2	0	
	2014	5	2	0	3	0	
	2014	6	1	0	4	0	
	2014	6	2	0	1	0	
	2014	7	1	0	7	0	
	2014	7	2	0	1	0	
	2014	8	1	0	6	0	
	2014	8	2	0	1	0	
	2014	9	1	1	18	0.05555556	
	2014	9	2	0	2	0	
	2014	10	1	1	13	0.07692308	
	2014	10	2	0	11	0	
	2014	11	1	0	29	0	
	2014	11	2	0	8	0	
	2014	12	1	1	46	0.02173913	
	2014	12	2	0	15	0	
	2014	13	1	1	52	0.01923077	
	2014	13	2	1	30	0.03333333	
	2014	14	1	1	96	0.01041667	
	2014	14	2	1	46	0.02173913	
	2014	15	1	3	113	0.02654867	
	2014	15	2	0	59	0	
	2014	16	1	0	87	0	
	2014	16	2	2	63	0.03174603	
	2014	17	1	0	41	0	
	2014	17	2	1	35	0.02857143	
	2014	18	1	0	7	0	
	2014	18	2	0	9	0	
	2014	19	1	1	5	0.2	
	2015	5	1	0	2	0	
	2015	6	1	0	4	0	
	2015	6	2	0	1	0	
	2015	7	1	0	3	0	
	2015	7	2	0	3	0	
	2015	8	1	0	8	0	
	2015	8	2	0	3	0	
	2015	9	1	1	17	0.05882353	
	2015	10	1	0	27	0	
	2015	10	2	0	2	0	
	2015	11	1	1	31	0.03225806	
	2015	11	2	1	10	0.1	
	2015	12	1	2	49	0.04081633	
	2015	12	2	0	11	0	
	2015	13	1	0	59	0	
	2015	13	2	1	27	0.03703704	
	2015	14	1	0	82	0	
	2015	14	2	3	39	0.07692308	
	2015	15	1	2	98	0.02040816	
	2015	15	2	0	68	0	
	2015	16	1	3	83	0.03614458	
	2015	16	2	1	46	0.02173913	
	2015	17	1	0	41	0	
	2015	17	2	0	24	0	
	2015	18	1	1	5	0.2	
	2015	18	2	0	6	0	
	2016	5	1	0	4	0	
	2016	5	2	0	3	0	
	2016	6	1	0	7	0	
	2016	6	2	0	1	0	
	2016	7	1	0	3	0	
	2016	7	2	0	3	0	
	2016	8	1	0	9	0	
	2016	8	2	0	1	0	
	2016	9	1	0	8	0	
	2016	9	2	0	3	0	
	2016	10	1	0	25	0	
	2016	10	2	0	6	0	
	2016	11	1	1	44	0.02272727	
	2016	11	2	0	10	0	
	2016	12	1	0	56	0	
	2016	12	2	0	14	0	
	2016	13	1	0	65	0	
	2016	13	2	1	36	0.02777778	
	2016	14	1	1	90	0.01111111	
	2016	14	2	0	43	0	
	2016	15	1	1	117	0.008547009	
	2016	15	2	0	58	0	
	2016	16	1	1	69	0.01449275	
	2016	16	2	2	53	0.03773585	
	2016	17	1	0	32	0	
	2016	17	2	0	16	0	
	2016	18	1	1	3	0.3333333	
	2016	18	2	0	4	0	
	2017	5	1	0	3	0	
	2017	5	2	0	2	0	
	2017	6	1	0	4	0	
	2017	6	2	0	1	0	
	2017	7	1	0	7	0	
	2017	7	2	0	1	0	
	2017	8	1	0	11	0	
	2017	9	1	0	8	0	
	2017	9	2	0	1	0	
	2017	10	1	1	21	0.04761905	
	2017	10	2	0	2	0	
	2017	11	1	0	45	0	
	2017	11	2	0	18	0	
	2017	12	1	2	58	0.03448276	
	2017	12	2	0	24	0	
	2017	13	1	3	67	0.04477612	
	2017	13	2	0	17	0	
	2017	14	1	1	79	0.01265823	
	2017	14	2	0	40	0	
	2017	15	1	2	102	0.01960784	
	2017	15	2	0	71	0	
	2017	16	1	1	65	0.01538462	
	2017	16	2	1	36	0.02777778	
	2017	17	1	0	14	0	
	2017	17	2	0	11	0	
	2017	18	1	0	4	0	
	2017	18	2	0	3	0	
	2018	5	1	0	2	0	
	2018	6	1	0	7	0	
	2018	7	1	0	7	0	
	2018	7	2	0	1	0	
	2018	8	1	0	10	0	
	2018	8	2	0	6	0	
	2018	9	1	0	12	0	
	2018	9	2	0	5	0	
	2018	10	1	0	19	0	
	2018	10	2	0	5	0	
	2018	11	1	0	39	0	
	2018	11	2	0	12	0	
	2018	12	1	0	45	0	
	2018	12	2	0	16	0	
	2018	13	1	0	60	0	
	2018	13	2	0	33	0	
	2018	14	1	1	75	0.01333333	
	2018	14	2	1	38	0.02631579	
	2018	15	1	0	99	0	
	2018	15	2	0	57	0	
	2018	16	1	1	66	0.01515152	
	2018	16	2	1	37	0.02702703	
	2018	17	1	0	23	0	
	2018	17	2	0	12	0	
	2018	18	1	0	2	0	
	2018	18	2	0	5	0	
	2018	19	1	0	1	0	
	2018	19	2	0	1	0	
	2019	5	1	0	1	0	
	2019	5	2	0	1	0	
	2019	6	1	0	4	0	
	2019	7	1	0	8	0	
	2019	8	1	0	13	0	
	2019	8	2	0	1	0	
	2019	9	1	0	9	0	
	2019	9	2	1	4	0.25	
	2019	10	1	0	22	0	
	2019	10	2	0	4	0	
	2019	11	1	0	38	0	
	2019	11	2	0	12	0	
	2019	12	1	0	51	0	
	2019	12	2	0	19	0	
	2019	13	1	1	55	0.01818182	
	2019	13	2	0	30	0	
	2019	14	1	0	72	0	
	2019	14	2	0	47	0	
	2019	15	1	3	74	0.04054054	
	2019	15	2	0	42	0	
	2019	16	1	3	55	0.05454545	
	2019	16	2	0	26	0	
	2019	17	1	0	17	0	
	2019	17	2	0	13	0	
	2019	18	1	0	4	0	
	2019	18	2	0	1	0	
	2019	19	1	0	1	0	
