
	B1_01_M HD Schlaganfall alle Formen (Alter >19), Mortalität // DP accident vasculaire cérébral, toutes les formes (âge >19), mortalité // DP colpo apoplettico, tutte le forme (età >19), mortalità
	BAG/OFSP/UFSP - CH-IQI Version V5-2 - Daten 2019 - 21. April 2021

	Jahr	AltEGrp	Sex	DeathCH	CasesCH	pCH	
	2008	5	1	0	14	0	
	2008	5	2	1	17	0.05882353	
	2008	6	1	6	29	0.2068966	
	2008	6	2	0	26	0	
	2008	7	1	1	40	0.025	
	2008	7	2	2	36	0.05555556	
	2008	8	1	5	68	0.07352941	
	2008	8	2	4	72	0.05555556	
	2008	9	1	5	147	0.03401361	
	2008	9	2	6	126	0.04761905	
	2008	10	1	11	208	0.05288462	
	2008	10	2	13	185	0.07027027	
	2008	11	1	9	333	0.02702703	
	2008	11	2	13	220	0.05909091	
	2008	12	1	25	442	0.05656109	
	2008	12	2	23	221	0.1040724	
	2008	13	1	34	588	0.05782313	
	2008	13	2	29	320	0.090625	
	2008	14	1	43	682	0.06304985	
	2008	14	2	41	421	0.09738717	
	2008	15	1	75	732	0.102459	
	2008	15	2	70	598	0.1170569	
	2008	16	1	136	1002	0.1357285	
	2008	16	2	109	824	0.1322816	
	2008	17	1	122	886	0.1376975	
	2008	17	2	177	1043	0.1697028	
	2008	18	1	128	559	0.2289803	
	2008	18	2	192	907	0.2116869	
	2008	19	1	60	207	0.2898551	
	2008	19	2	95	375	0.2533333	
	2008	20	1	13	31	0.4193548	
	2008	20	2	28	90	0.3111111	
	2009	5	1	1	18	0.05555556	
	2009	5	2	1	16	0.0625	
	2009	6	1	2	32	0.0625	
	2009	6	2	1	30	0.03333333	
	2009	7	1	0	45	0	
	2009	7	2	2	64	0.03125	
	2009	8	1	4	106	0.03773585	
	2009	8	2	1	53	0.01886792	
	2009	9	1	9	173	0.05202312	
	2009	9	2	3	112	0.02678571	
	2009	10	1	9	243	0.03703704	
	2009	10	2	10	147	0.06802721	
	2009	11	1	13	347	0.03746398	
	2009	11	2	25	195	0.1282051	
	2009	12	1	29	465	0.06236559	
	2009	12	2	18	217	0.08294931	
	2009	13	1	31	618	0.05016181	
	2009	13	2	30	322	0.0931677	
	2009	14	1	70	769	0.09102731	
	2009	14	2	47	457	0.1028446	
	2009	15	1	88	905	0.09723757	
	2009	15	2	61	584	0.1044521	
	2009	16	1	98	975	0.1005128	
	2009	16	2	114	888	0.1283784	
	2009	17	1	113	787	0.1435832	
	2009	17	2	161	1081	0.1489362	
	2009	18	1	118	581	0.2030981	
	2009	18	2	213	958	0.2223382	
	2009	19	1	55	189	0.2910053	
	2009	19	2	73	306	0.2385621	
	2009	20	1	10	26	0.3846154	
	2009	20	2	32	94	0.3404255	
	2010	5	1	0	14	0	
	2010	5	2	1	20	0.05	
	2010	6	1	2	39	0.05128205	
	2010	6	2	1	22	0.04545455	
	2010	7	1	5	52	0.09615385	
	2010	7	2	1	44	0.02272727	
	2010	8	1	1	78	0.01282051	
	2010	8	2	2	60	0.03333333	
	2010	9	1	2	144	0.01388889	
	2010	9	2	6	101	0.05940594	
	2010	10	1	12	250	0.048	
	2010	10	2	9	218	0.0412844	
	2010	11	1	19	426	0.04460094	
	2010	11	2	18	226	0.07964602	
	2010	12	1	25	520	0.04807692	
	2010	12	2	21	274	0.07664234	
	2010	13	1	47	687	0.06841339	
	2010	13	2	26	366	0.07103825	
	2010	14	1	51	819	0.06227106	
	2010	14	2	49	516	0.09496124	
	2010	15	1	86	900	0.09555556	
	2010	15	2	58	618	0.09385113	
	2010	16	1	123	1126	0.1092362	
	2010	16	2	82	949	0.08640674	
	2010	17	1	141	1015	0.1389163	
	2010	17	2	181	1268	0.1427445	
	2010	18	1	146	698	0.2091691	
	2010	18	2	214	1072	0.1996269	
	2010	19	1	57	232	0.2456897	
	2010	19	2	113	406	0.2783251	
	2010	20	1	17	39	0.4358974	
	2010	20	2	34	106	0.3207547	
	2011	5	1	1	15	0.06666667	
	2011	5	2	0	13	0	
	2011	6	1	0	30	0	
	2011	6	2	0	36	0	
	2011	7	1	1	52	0.01923077	
	2011	7	2	1	43	0.02325581	
	2011	8	1	4	104	0.03846154	
	2011	8	2	2	72	0.02777778	
	2011	9	1	4	161	0.02484472	
	2011	9	2	12	129	0.09302326	
	2011	10	1	10	310	0.03225806	
	2011	10	2	14	200	0.07	
	2011	11	1	15	390	0.03846154	
	2011	11	2	11	233	0.0472103	
	2011	12	1	25	585	0.04273504	
	2011	12	2	19	270	0.07037037	
	2011	13	1	43	700	0.06142857	
	2011	13	2	25	402	0.06218905	
	2011	14	1	37	793	0.04665826	
	2011	14	2	40	497	0.0804829	
	2011	15	1	74	873	0.08476518	
	2011	15	2	69	646	0.1068111	
	2011	16	1	112	1156	0.09688581	
	2011	16	2	107	1016	0.105315	
	2011	17	1	130	1066	0.1219512	
	2011	17	2	152	1316	0.1155015	
	2011	18	1	133	767	0.1734029	
	2011	18	2	189	1145	0.1650655	
	2011	19	1	63	267	0.2359551	
	2011	19	2	96	506	0.1897233	
	2011	20	1	12	49	0.244898	
	2011	20	2	35	118	0.2966102	
	2012	5	1	2	27	0.07407407	
	2012	5	2	2	39	0.05128205	
	2012	6	1	0	28	0	
	2012	6	2	1	41	0.02439024	
	2012	7	1	1	59	0.01694915	
	2012	7	2	1	36	0.02777778	
	2012	8	1	0	88	0	
	2012	8	2	4	89	0.04494382	
	2012	9	1	7	140	0.05	
	2012	9	2	7	127	0.05511811	
	2012	10	1	12	349	0.03438395	
	2012	10	2	11	252	0.04365079	
	2012	11	1	14	423	0.03309693	
	2012	11	2	15	258	0.05813953	
	2012	12	1	16	602	0.02657807	
	2012	12	2	24	296	0.08108108	
	2012	13	1	41	708	0.0579096	
	2012	13	2	24	384	0.0625	
	2012	14	1	56	981	0.05708461	
	2012	14	2	37	532	0.06954887	
	2012	15	1	60	963	0.0623053	
	2012	15	2	65	730	0.0890411	
	2012	16	1	118	1087	0.1085557	
	2012	16	2	99	1048	0.09446565	
	2012	17	1	146	1099	0.132848	
	2012	17	2	150	1368	0.1096491	
	2012	18	1	146	762	0.191601	
	2012	18	2	202	1207	0.1673571	
	2012	19	1	65	263	0.2471483	
	2012	19	2	137	567	0.2416226	
	2012	20	1	10	44	0.2272727	
	2012	20	2	30	129	0.2325581	
	2013	5	1	0	24	0	
	2013	5	2	0	21	0	
	2013	6	1	3	29	0.1034483	
	2013	6	2	0	43	0	
	2013	7	1	1	49	0.02040816	
	2013	7	2	1	40	0.025	
	2013	8	1	4	105	0.03809524	
	2013	8	2	3	76	0.03947368	
	2013	9	1	5	174	0.02873563	
	2013	9	2	5	154	0.03246753	
	2013	10	1	16	355	0.04507042	
	2013	10	2	12	174	0.06896552	
	2013	11	1	23	460	0.05	
	2013	11	2	18	292	0.06164384	
	2013	12	1	19	660	0.02878788	
	2013	12	2	27	259	0.1042471	
	2013	13	1	40	828	0.04830918	
	2013	13	2	27	407	0.06633907	
	2013	14	1	49	994	0.04929577	
	2013	14	2	40	564	0.07092199	
	2013	15	1	78	1016	0.07677165	
	2013	15	2	72	777	0.09266409	
	2013	16	1	94	1151	0.08166811	
	2013	16	2	110	1100	0.1	
	2013	17	1	151	1139	0.1325724	
	2013	17	2	189	1331	0.1419985	
	2013	18	1	125	754	0.1657825	
	2013	18	2	228	1289	0.1768813	
	2013	19	1	69	273	0.2527473	
	2013	19	2	147	591	0.248731	
	2013	20	1	10	49	0.2040816	
	2013	20	2	33	129	0.255814	
	2014	5	1	2	20	0.1	
	2014	5	2	1	22	0.04545455	
	2014	6	1	3	38	0.07894737	
	2014	6	2	2	34	0.05882353	
	2014	7	1	2	62	0.03225806	
	2014	7	2	0	55	0	
	2014	8	1	9	95	0.09473684	
	2014	8	2	3	69	0.04347826	
	2014	9	1	13	218	0.05963303	
	2014	9	2	6	127	0.04724409	
	2014	10	1	11	287	0.03832753	
	2014	10	2	7	221	0.03167421	
	2014	11	1	16	507	0.03155819	
	2014	11	2	16	258	0.0620155	
	2014	12	1	21	629	0.03338633	
	2014	12	2	19	272	0.06985294	
	2014	13	1	32	778	0.04113111	
	2014	13	2	25	382	0.06544503	
	2014	14	1	48	963	0.04984424	
	2014	14	2	32	533	0.06003752	
	2014	15	1	71	1128	0.06294326	
	2014	15	2	76	811	0.09371147	
	2014	16	1	108	1218	0.08866995	
	2014	16	2	99	1034	0.09574468	
	2014	17	1	139	1212	0.1146865	
	2014	17	2	172	1333	0.1290323	
	2014	18	1	130	817	0.1591187	
	2014	18	2	199	1306	0.1523737	
	2014	19	1	64	283	0.2261484	
	2014	19	2	131	600	0.2183333	
	2014	20	1	7	38	0.1842105	
	2014	20	2	29	92	0.3152174	
	2015	5	1	0	24	0	
	2015	5	2	0	18	0	
	2015	6	1	0	35	0	
	2015	6	2	0	47	0	
	2015	7	1	3	67	0.04477612	
	2015	7	2	2	65	0.03076923	
	2015	8	1	4	107	0.03738318	
	2015	8	2	6	79	0.07594937	
	2015	9	1	8	160	0.05	
	2015	9	2	3	107	0.02803738	
	2015	10	1	11	307	0.03583062	
	2015	10	2	9	212	0.04245283	
	2015	11	1	15	517	0.02901354	
	2015	11	2	20	288	0.06944444	
	2015	12	1	18	646	0.02786378	
	2015	12	2	16	277	0.05776173	
	2015	13	1	31	857	0.0361727	
	2015	13	2	25	433	0.05773672	
	2015	14	1	69	965	0.07150259	
	2015	14	2	41	603	0.06799337	
	2015	15	1	78	1229	0.06346623	
	2015	15	2	61	824	0.07402913	
	2015	16	1	112	1223	0.09157809	
	2015	16	2	103	1186	0.08684654	
	2015	17	1	147	1296	0.1134259	
	2015	17	2	181	1490	0.1214765	
	2015	18	1	129	886	0.1455982	
	2015	18	2	193	1334	0.1446777	
	2015	19	1	69	334	0.2065868	
	2015	19	2	144	672	0.2142857	
	2015	20	1	11	51	0.2156863	
	2015	20	2	28	125	0.224	
	2016	5	1	0	15	0	
	2016	5	2	0	28	0	
	2016	6	1	0	36	0	
	2016	6	2	1	35	0.02857143	
	2016	7	1	2	92	0.02173913	
	2016	7	2	2	68	0.02941176	
	2016	8	1	2	117	0.01709402	
	2016	8	2	4	109	0.03669725	
	2016	9	1	7	171	0.04093567	
	2016	9	2	5	120	0.04166667	
	2016	10	1	6	284	0.02112676	
	2016	10	2	9	192	0.046875	
	2016	11	1	21	549	0.03825137	
	2016	11	2	14	292	0.04794521	
	2016	12	1	18	701	0.0256776	
	2016	12	2	13	308	0.04220779	
	2016	13	1	39	866	0.04503464	
	2016	13	2	29	473	0.06131078	
	2016	14	1	54	1044	0.05172414	
	2016	14	2	36	631	0.0570523	
	2016	15	1	72	1240	0.05806452	
	2016	15	2	67	847	0.07910272	
	2016	16	1	98	1301	0.07532667	
	2016	16	2	98	1227	0.0798696	
	2016	17	1	138	1391	0.0992092	
	2016	17	2	158	1498	0.105474	
	2016	18	1	120	929	0.1291712	
	2016	18	2	190	1415	0.1342756	
	2016	19	1	64	350	0.1828571	
	2016	19	2	144	741	0.194332	
	2016	20	1	15	48	0.3125	
	2016	20	2	42	163	0.2576687	
	2017	5	1	0	14	0	
	2017	5	2	0	31	0	
	2017	6	1	2	42	0.04761905	
	2017	6	2	3	47	0.06382979	
	2017	7	1	2	77	0.02597403	
	2017	7	2	3	71	0.04225352	
	2017	8	1	2	118	0.01694915	
	2017	8	2	6	88	0.06818182	
	2017	9	1	7	175	0.04	
	2017	9	2	2	114	0.01754386	
	2017	10	1	11	355	0.03098592	
	2017	10	2	4	235	0.01702128	
	2017	11	1	21	533	0.03939962	
	2017	11	2	6	308	0.01948052	
	2017	12	1	26	750	0.03466667	
	2017	12	2	19	385	0.04935065	
	2017	13	1	32	917	0.0348964	
	2017	13	2	26	445	0.05842697	
	2017	14	1	52	1087	0.04783809	
	2017	14	2	29	637	0.0455259	
	2017	15	1	73	1310	0.05572519	
	2017	15	2	74	938	0.07889126	
	2017	16	1	119	1383	0.08604483	
	2017	16	2	102	1172	0.08703072	
	2017	17	1	139	1421	0.09781844	
	2017	17	2	162	1545	0.1048544	
	2017	18	1	128	915	0.1398907	
	2017	18	2	202	1423	0.1419536	
	2017	19	1	75	391	0.1918159	
	2017	19	2	126	687	0.1834061	
	2017	20	1	11	68	0.1617647	
	2017	20	2	32	155	0.2064516	
	2018	5	1	0	20	0	
	2018	5	2	0	27	0	
	2018	6	1	1	28	0.03571429	
	2018	6	2	0	38	0	
	2018	7	1	1	62	0.01612903	
	2018	7	2	1	69	0.01449275	
	2018	8	1	1	83	0.01204819	
	2018	8	2	1	84	0.01190476	
	2018	9	1	8	157	0.05095541	
	2018	9	2	6	148	0.04054054	
	2018	10	1	9	305	0.0295082	
	2018	10	2	5	226	0.02212389	
	2018	11	1	20	556	0.03597122	
	2018	11	2	13	298	0.04362416	
	2018	12	1	24	847	0.0283353	
	2018	12	2	14	366	0.03825137	
	2018	13	1	39	926	0.04211663	
	2018	13	2	29	490	0.05918367	
	2018	14	1	42	1093	0.03842635	
	2018	14	2	36	632	0.05696203	
	2018	15	1	88	1422	0.06188467	
	2018	15	2	57	916	0.06222707	
	2018	16	1	105	1504	0.06981383	
	2018	16	2	101	1206	0.08374793	
	2018	17	1	134	1443	0.09286209	
	2018	17	2	148	1492	0.09919571	
	2018	18	1	117	1012	0.1156126	
	2018	18	2	199	1576	0.126269	
	2018	19	1	68	388	0.1752577	
	2018	19	2	145	760	0.1907895	
	2018	20	1	14	67	0.2089552	
	2018	20	2	35	188	0.1861702	
	2019	5	1	1	25	0.04	
	2019	5	2	2	23	0.08695652	
	2019	6	1	1	33	0.03030303	
	2019	6	2	0	36	0	
	2019	7	1	3	56	0.05357143	
	2019	7	2	1	63	0.01587302	
	2019	8	1	3	94	0.03191489	
	2019	8	2	2	97	0.02061856	
	2019	9	1	2	156	0.01282051	
	2019	9	2	3	134	0.02238806	
	2019	10	1	8	360	0.02222222	
	2019	10	2	8	204	0.03921569	
	2019	11	1	20	638	0.03134796	
	2019	11	2	13	308	0.04220779	
	2019	12	1	25	796	0.03140704	
	2019	12	2	13	403	0.03225806	
	2019	13	1	38	980	0.03877551	
	2019	13	2	17	509	0.03339882	
	2019	14	1	39	1104	0.03532609	
	2019	14	2	42	693	0.06060606	
	2019	15	1	65	1346	0.04829123	
	2019	15	2	60	1010	0.05940594	
	2019	16	1	101	1519	0.06649111	
	2019	16	2	88	1363	0.06456346	
	2019	17	1	123	1474	0.0834464	
	2019	17	2	153	1584	0.09659091	
	2019	18	1	141	1055	0.1336493	
	2019	18	2	215	1561	0.1377322	
	2019	19	1	82	384	0.2135417	
	2019	19	2	129	779	0.1655969	
	2019	20	1	13	69	0.1884058	
	2019	20	2	37	187	0.197861	
