
	E7_01_M Eingriffe am Pankreas insgesamt (ohne Transplantation, Alter >19), Mortalität // Total des interventions sur le pancréas (sans transplantation, âge >19), mortalité // Interventi al pancreas (senza trapianto, età >19), totale, mortalità
	BAG/OFSP/UFSP - CH-IQI Version V5-2 - Daten 2019 - 21. April 2021

	Jahr	AltEGrp	Sex	DeathCH	CasesCH	pCH	
	2008	5	1	1	7	0.1428571	
	2008	5	2	0	2	0	
	2008	6	1	0	4	0	
	2008	6	2	0	2	0	
	2008	7	1	0	1	0	
	2008	7	2	0	2	0	
	2008	8	1	1	11	0.09090909	
	2008	8	2	0	4	0	
	2008	9	1	1	25	0.04	
	2008	9	2	0	14	0	
	2008	10	1	0	24	0	
	2008	10	2	0	23	0	
	2008	11	1	0	43	0	
	2008	11	2	1	20	0.05	
	2008	12	1	2	45	0.04444444	
	2008	12	2	1	34	0.02941176	
	2008	13	1	2	65	0.03076923	
	2008	13	2	4	49	0.08163265	
	2008	14	1	8	56	0.1428571	
	2008	14	2	2	49	0.04081633	
	2008	15	1	5	50	0.1	
	2008	15	2	0	41	0	
	2008	16	1	5	47	0.106383	
	2008	16	2	4	53	0.0754717	
	2008	17	1	2	21	0.0952381	
	2008	17	2	2	19	0.1052632	
	2008	18	1	0	4	0	
	2008	18	2	0	3	0	
	2008	19	1	0	1	0	
	2008	19	2	0	1	0	
	2009	5	1	0	3	0	
	2009	6	2	0	3	0	
	2009	7	1	1	1	1	
	2009	7	2	0	3	0	
	2009	8	1	0	8	0	
	2009	8	2	0	5	0	
	2009	9	1	0	20	0	
	2009	9	2	0	11	0	
	2009	10	1	0	42	0	
	2009	10	2	0	19	0	
	2009	11	1	3	34	0.08823529	
	2009	11	2	1	29	0.03448276	
	2009	12	1	1	49	0.02040816	
	2009	12	2	3	29	0.1034483	
	2009	13	1	7	74	0.09459459	
	2009	13	2	5	50	0.1	
	2009	14	1	3	71	0.04225352	
	2009	14	2	0	51	0	
	2009	15	1	4	58	0.06896552	
	2009	15	2	3	58	0.05172414	
	2009	16	1	8	37	0.2162162	
	2009	16	2	7	54	0.1296296	
	2009	17	1	2	16	0.125	
	2009	17	2	0	23	0	
	2009	18	1	1	3	0.3333333	
	2009	18	2	2	6	0.3333333	
	2009	19	2	1	1	1	
	2010	5	1	0	3	0	
	2010	5	2	0	6	0	
	2010	6	1	0	1	0	
	2010	6	2	0	3	0	
	2010	7	1	0	7	0	
	2010	7	2	0	3	0	
	2010	8	1	1	11	0.09090909	
	2010	8	2	0	10	0	
	2010	9	1	0	23	0	
	2010	9	2	1	17	0.05882353	
	2010	10	1	0	27	0	
	2010	10	2	0	22	0	
	2010	11	1	4	51	0.07843137	
	2010	11	2	2	22	0.09090909	
	2010	12	1	3	36	0.08333333	
	2010	12	2	0	38	0	
	2010	13	1	3	57	0.05263158	
	2010	13	2	3	55	0.05454545	
	2010	14	1	7	79	0.08860759	
	2010	14	2	3	57	0.05263158	
	2010	15	1	13	66	0.1969697	
	2010	15	2	5	39	0.1282051	
	2010	16	1	3	45	0.06666667	
	2010	16	2	4	46	0.08695652	
	2010	17	1	3	18	0.1666667	
	2010	17	2	4	25	0.16	
	2010	18	1	0	5	0	
	2010	18	2	1	5	0.2	
	2011	5	1	0	2	0	
	2011	5	2	0	2	0	
	2011	6	1	0	5	0	
	2011	6	2	0	3	0	
	2011	7	1	0	4	0	
	2011	7	2	0	6	0	
	2011	8	1	1	3	0.3333333	
	2011	8	2	0	5	0	
	2011	9	1	0	19	0	
	2011	9	2	0	15	0	
	2011	10	1	1	23	0.04347826	
	2011	10	2	0	21	0	
	2011	11	1	0	32	0	
	2011	11	2	0	22	0	
	2011	12	1	0	47	0	
	2011	12	2	1	22	0.04545455	
	2011	13	1	3	60	0.05	
	2011	13	2	0	41	0	
	2011	14	1	5	68	0.07352941	
	2011	14	2	4	48	0.08333333	
	2011	15	1	9	66	0.1363636	
	2011	15	2	4	63	0.06349206	
	2011	16	1	3	46	0.06521739	
	2011	16	2	4	42	0.0952381	
	2011	17	1	2	23	0.08695652	
	2011	17	2	4	27	0.1481481	
	2011	18	1	1	6	0.1666667	
	2011	18	2	1	4	0.25	
	2011	19	2	0	2	0	
	2012	5	1	0	2	0	
	2012	5	2	0	5	0	
	2012	6	1	0	4	0	
	2012	6	2	0	3	0	
	2012	7	1	0	7	0	
	2012	7	2	0	7	0	
	2012	8	1	0	8	0	
	2012	8	2	0	5	0	
	2012	9	1	1	15	0.06666667	
	2012	9	2	0	12	0	
	2012	10	1	0	28	0	
	2012	10	2	0	13	0	
	2012	11	1	0	43	0	
	2012	11	2	0	19	0	
	2012	12	1	2	47	0.04255319	
	2012	12	2	3	32	0.09375	
	2012	13	1	1	59	0.01694915	
	2012	13	2	4	62	0.06451613	
	2012	14	1	8	89	0.08988764	
	2012	14	2	1	54	0.01851852	
	2012	15	1	6	62	0.09677419	
	2012	15	2	3	67	0.04477612	
	2012	16	1	8	46	0.173913	
	2012	16	2	5	53	0.09433962	
	2012	17	1	3	19	0.1578947	
	2012	17	2	4	30	0.1333333	
	2012	18	1	1	5	0.2	
	2012	18	2	0	6	0	
	2013	5	1	0	1	0	
	2013	5	2	0	1	0	
	2013	6	1	0	5	0	
	2013	6	2	0	1	0	
	2013	7	1	0	11	0	
	2013	7	2	0	2	0	
	2013	8	1	0	7	0	
	2013	8	2	0	8	0	
	2013	9	1	2	23	0.08695652	
	2013	9	2	0	13	0	
	2013	10	1	0	28	0	
	2013	10	2	0	31	0	
	2013	11	1	1	43	0.02325581	
	2013	11	2	1	25	0.04	
	2013	12	1	3	51	0.05882353	
	2013	12	2	3	44	0.06818182	
	2013	13	1	6	58	0.1034483	
	2013	13	2	3	49	0.06122449	
	2013	14	1	4	74	0.05405405	
	2013	14	2	4	71	0.05633803	
	2013	15	1	7	77	0.09090909	
	2013	15	2	6	70	0.08571429	
	2013	16	1	10	59	0.1694915	
	2013	16	2	4	41	0.09756098	
	2013	17	1	1	19	0.05263158	
	2013	17	2	1	29	0.03448276	
	2013	18	1	1	6	0.1666667	
	2013	18	2	0	3	0	
	2013	19	1	0	1	0	
	2013	19	2	0	1	0	
	2014	5	1	0	2	0	
	2014	5	2	0	5	0	
	2014	6	1	0	5	0	
	2014	6	2	1	3	0.3333333	
	2014	7	1	0	7	0	
	2014	7	2	0	6	0	
	2014	8	1	0	3	0	
	2014	8	2	0	4	0	
	2014	9	1	1	18	0.05555556	
	2014	9	2	0	18	0	
	2014	10	1	0	37	0	
	2014	10	2	0	18	0	
	2014	11	1	2	47	0.04255319	
	2014	11	2	1	38	0.02631579	
	2014	12	1	5	67	0.07462687	
	2014	12	2	2	42	0.04761905	
	2014	13	1	5	76	0.06578947	
	2014	13	2	0	43	0	
	2014	14	1	5	83	0.06024096	
	2014	14	2	4	59	0.06779661	
	2014	15	1	3	83	0.03614458	
	2014	15	2	2	63	0.03174603	
	2014	16	1	10	62	0.1612903	
	2014	16	2	4	52	0.07692308	
	2014	17	1	6	42	0.1428571	
	2014	17	2	2	32	0.0625	
	2014	18	1	1	3	0.3333333	
	2014	18	2	0	4	0	
	2015	5	1	0	4	0	
	2015	5	2	0	5	0	
	2015	6	1	0	4	0	
	2015	6	2	0	3	0	
	2015	7	1	0	6	0	
	2015	7	2	0	8	0	
	2015	8	1	0	10	0	
	2015	8	2	0	10	0	
	2015	9	1	0	19	0	
	2015	9	2	0	18	0	
	2015	10	1	1	37	0.02702703	
	2015	10	2	1	31	0.03225806	
	2015	11	1	2	39	0.05128205	
	2015	11	2	0	25	0	
	2015	12	1	7	59	0.1186441	
	2015	12	2	1	41	0.02439024	
	2015	13	1	2	70	0.02857143	
	2015	13	2	1	58	0.01724138	
	2015	14	1	5	74	0.06756757	
	2015	14	2	2	74	0.02702703	
	2015	15	1	3	64	0.046875	
	2015	15	2	6	71	0.08450704	
	2015	16	1	8	73	0.109589	
	2015	16	2	3	64	0.046875	
	2015	17	1	1	28	0.03571429	
	2015	17	2	3	28	0.1071429	
	2015	18	1	0	3	0	
	2015	18	2	1	8	0.125	
	2016	5	1	0	2	0	
	2016	5	2	0	4	0	
	2016	6	1	0	6	0	
	2016	6	2	0	5	0	
	2016	7	1	0	4	0	
	2016	7	2	0	2	0	
	2016	8	1	1	15	0.06666667	
	2016	8	2	0	12	0	
	2016	9	1	0	15	0	
	2016	9	2	0	11	0	
	2016	10	1	0	34	0	
	2016	10	2	0	40	0	
	2016	11	1	1	58	0.01724138	
	2016	11	2	2	26	0.07692308	
	2016	12	1	2	45	0.04444444	
	2016	12	2	2	62	0.03225806	
	2016	13	1	2	73	0.02739726	
	2016	13	2	3	53	0.05660377	
	2016	14	1	4	94	0.04255319	
	2016	14	2	5	74	0.06756757	
	2016	15	1	5	89	0.05617978	
	2016	15	2	3	73	0.04109589	
	2016	16	1	10	69	0.1449275	
	2016	16	2	7	89	0.07865169	
	2016	17	1	3	30	0.1	
	2016	17	2	5	30	0.1666667	
	2016	18	1	1	7	0.1428571	
	2016	18	2	0	3	0	
	2016	19	1	0	1	0	
	2017	5	2	0	2	0	
	2017	6	1	0	2	0	
	2017	6	2	0	5	0	
	2017	7	1	0	6	0	
	2017	7	2	0	12	0	
	2017	8	1	1	14	0.07142857	
	2017	8	2	0	17	0	
	2017	9	1	1	18	0.05555556	
	2017	9	2	0	16	0	
	2017	10	1	1	28	0.03571429	
	2017	10	2	0	15	0	
	2017	11	1	1	56	0.01785714	
	2017	11	2	1	42	0.02380952	
	2017	12	1	6	72	0.08333333	
	2017	12	2	0	52	0	
	2017	13	1	3	61	0.04918033	
	2017	13	2	0	57	0	
	2017	14	1	6	96	0.0625	
	2017	14	2	1	65	0.01538462	
	2017	15	1	5	104	0.04807692	
	2017	15	2	7	66	0.1060606	
	2017	16	1	12	80	0.15	
	2017	16	2	5	74	0.06756757	
	2017	17	1	5	34	0.1470588	
	2017	17	2	3	39	0.07692308	
	2017	18	1	2	14	0.1428571	
	2017	18	2	0	7	0	
	2017	19	1	1	3	0.3333333	
	2017	19	2	0	2	0	
	2018	5	2	0	2	0	
	2018	6	1	0	2	0	
	2018	6	2	0	8	0	
	2018	7	1	1	7	0.1428571	
	2018	7	2	0	4	0	
	2018	8	1	0	18	0	
	2018	8	2	0	6	0	
	2018	9	1	2	19	0.1052632	
	2018	9	2	0	12	0	
	2018	10	1	1	41	0.02439024	
	2018	10	2	1	18	0.05555556	
	2018	11	1	0	30	0	
	2018	11	2	1	35	0.02857143	
	2018	12	1	2	72	0.02777778	
	2018	12	2	1	64	0.015625	
	2018	13	1	7	94	0.07446809	
	2018	13	2	1	76	0.01315789	
	2018	14	1	6	87	0.06896552	
	2018	14	2	3	60	0.05	
	2018	15	1	5	100	0.05	
	2018	15	2	4	77	0.05194805	
	2018	16	1	11	70	0.1571429	
	2018	16	2	6	59	0.1016949	
	2018	17	1	7	39	0.1794872	
	2018	17	2	5	40	0.125	
	2018	18	1	2	13	0.1538462	
	2018	18	2	3	14	0.2142857	
	2018	19	1	1	1	1	
	2019	5	1	0	2	0	
	2019	5	2	0	1	0	
	2019	6	1	0	4	0	
	2019	6	2	0	5	0	
	2019	7	1	0	9	0	
	2019	7	2	0	4	0	
	2019	8	1	0	12	0	
	2019	8	2	0	9	0	
	2019	9	1	0	21	0	
	2019	9	2	0	15	0	
	2019	10	1	1	31	0.03225806	
	2019	10	2	0	14	0	
	2019	11	1	1	45	0.02222222	
	2019	11	2	0	27	0	
	2019	12	1	1	68	0.01470588	
	2019	12	2	0	48	0	
	2019	13	1	2	67	0.02985075	
	2019	13	2	1	68	0.01470588	
	2019	14	1	4	89	0.04494382	
	2019	14	2	2	76	0.02631579	
	2019	15	1	9	116	0.07758621	
	2019	15	2	5	82	0.06097561	
	2019	16	1	8	91	0.08791209	
	2019	16	2	1	65	0.01538462	
	2019	17	1	2	44	0.04545455	
	2019	17	2	4	32	0.125	
	2019	18	1	0	9	0	
	2019	18	2	1	13	0.07692308	
	2019	19	1	0	1	0	
	2019	19	2	0	1	0	
