
	A1_07_M HD Herzinfarkt (Alter >19), Direktaufnahmen nicht weiter verlegt, Mortalität // DP infarctus du myocarde (âge >19), admissions directes, non transféré, mortalité // DP infarto miocardico (età >19), ammissioni dirette non trasferito, mortalità
	BAG/OFSP/UFSP - CH-IQI Version V5-2 - Daten 2019 - 21. April 2021

	Jahr	AltEGrp	Sex	DeathCH	CasesCH	pCH	
	2008	5	1	0	5	0	
	2008	6	1	0	4	0	
	2008	6	2	0	2	0	
	2008	7	1	1	16	0.0625	
	2008	7	2	0	2	0	
	2008	8	1	0	47	0	
	2008	8	2	0	10	0	
	2008	9	1	2	196	0.01020408	
	2008	9	2	0	23	0	
	2008	10	1	6	336	0.01785714	
	2008	10	2	1	44	0.02272727	
	2008	11	1	9	411	0.02189781	
	2008	11	2	2	98	0.02040816	
	2008	12	1	24	521	0.04606526	
	2008	12	2	11	122	0.09016393	
	2008	13	1	31	587	0.0528109	
	2008	13	2	8	152	0.05263158	
	2008	14	1	38	550	0.06909091	
	2008	14	2	13	194	0.06701031	
	2008	15	1	50	527	0.09487666	
	2008	15	2	17	251	0.06772908	
	2008	16	1	65	537	0.1210428	
	2008	16	2	34	365	0.09315068	
	2008	17	1	103	526	0.1958175	
	2008	17	2	97	484	0.2004132	
	2008	18	1	91	378	0.2407407	
	2008	18	2	96	434	0.2211982	
	2008	19	1	44	137	0.3211679	
	2008	19	2	57	195	0.2923077	
	2008	20	1	11	25	0.44	
	2008	20	2	22	47	0.4680851	
	2009	5	1	0	2	0	
	2009	6	1	1	7	0.1428571	
	2009	6	2	0	2	0	
	2009	7	1	0	13	0	
	2009	7	2	0	4	0	
	2009	8	1	0	64	0	
	2009	8	2	0	14	0	
	2009	9	1	2	170	0.01176471	
	2009	9	2	1	31	0.03225806	
	2009	10	1	14	333	0.04204204	
	2009	10	2	3	57	0.05263158	
	2009	11	1	14	484	0.02892562	
	2009	11	2	1	93	0.01075269	
	2009	12	1	14	559	0.02504472	
	2009	12	2	3	105	0.02857143	
	2009	13	1	30	562	0.05338078	
	2009	13	2	6	154	0.03896104	
	2009	14	1	32	536	0.05970149	
	2009	14	2	15	216	0.06944444	
	2009	15	1	41	548	0.07481752	
	2009	15	2	17	250	0.068	
	2009	16	1	69	578	0.1193772	
	2009	16	2	39	337	0.115727	
	2009	17	1	95	495	0.1919192	
	2009	17	2	78	462	0.1688312	
	2009	18	1	101	378	0.2671958	
	2009	18	2	100	437	0.228833	
	2009	19	1	41	120	0.3416667	
	2009	19	2	59	208	0.2836538	
	2009	20	1	8	23	0.3478261	
	2009	20	2	14	48	0.2916667	
	2010	5	1	0	3	0	
	2010	5	2	0	1	0	
	2010	6	1	0	4	0	
	2010	6	2	0	2	0	
	2010	7	1	0	21	0	
	2010	7	2	0	9	0	
	2010	8	1	1	75	0.01333333	
	2010	8	2	0	7	0	
	2010	9	1	2	178	0.01123596	
	2010	9	2	1	28	0.03571429	
	2010	10	1	10	361	0.02770083	
	2010	10	2	1	63	0.01587302	
	2010	11	1	10	519	0.01926782	
	2010	11	2	2	111	0.01801802	
	2010	12	1	15	604	0.02483444	
	2010	12	2	6	121	0.04958678	
	2010	13	1	26	697	0.03730273	
	2010	13	2	2	169	0.01183432	
	2010	14	1	37	632	0.0585443	
	2010	14	2	11	209	0.05263158	
	2010	15	1	43	591	0.07275804	
	2010	15	2	25	278	0.08992806	
	2010	16	1	48	560	0.08571429	
	2010	16	2	44	372	0.1182796	
	2010	17	1	93	565	0.1646018	
	2010	17	2	75	460	0.1630435	
	2010	18	1	106	375	0.2826667	
	2010	18	2	90	462	0.1948052	
	2010	19	1	37	114	0.3245614	
	2010	19	2	46	193	0.238342	
	2010	20	1	9	30	0.3	
	2010	20	2	19	52	0.3653846	
	2011	5	1	0	2	0	
	2011	5	2	0	1	0	
	2011	6	1	1	2	0.5	
	2011	6	2	0	2	0	
	2011	7	1	0	14	0	
	2011	7	2	0	3	0	
	2011	8	1	1	60	0.01666667	
	2011	8	2	0	11	0	
	2011	9	1	5	188	0.02659574	
	2011	9	2	1	39	0.02564103	
	2011	10	1	7	400	0.0175	
	2011	10	2	3	58	0.05172414	
	2011	11	1	11	533	0.0206379	
	2011	11	2	2	105	0.01904762	
	2011	12	1	19	628	0.03025478	
	2011	12	2	5	117	0.04273504	
	2011	13	1	29	726	0.0399449	
	2011	13	2	8	196	0.04081633	
	2011	14	1	42	734	0.05722071	
	2011	14	2	10	217	0.04608295	
	2011	15	1	43	630	0.06825397	
	2011	15	2	23	280	0.08214286	
	2011	16	1	63	681	0.09251101	
	2011	16	2	34	387	0.0878553	
	2011	17	1	91	578	0.1574394	
	2011	17	2	76	516	0.1472868	
	2011	18	1	105	410	0.2560976	
	2011	18	2	99	495	0.2	
	2011	19	1	44	147	0.2993197	
	2011	19	2	49	220	0.2227273	
	2011	20	1	6	32	0.1875	
	2011	20	2	17	52	0.3269231	
	2012	5	1	0	1	0	
	2012	6	1	1	10	0.1	
	2012	6	2	0	1	0	
	2012	7	1	0	30	0	
	2012	7	2	0	1	0	
	2012	8	1	0	68	0	
	2012	8	2	0	11	0	
	2012	9	1	5	214	0.02336449	
	2012	9	2	1	30	0.03333333	
	2012	10	1	14	439	0.03189066	
	2012	10	2	4	72	0.05555556	
	2012	11	1	19	638	0.02978056	
	2012	11	2	2	125	0.016	
	2012	12	1	21	711	0.02953586	
	2012	12	2	6	159	0.03773585	
	2012	13	1	21	751	0.02796272	
	2012	13	2	11	222	0.04954955	
	2012	14	1	46	793	0.05800757	
	2012	14	2	10	254	0.03937008	
	2012	15	1	39	713	0.05469846	
	2012	15	2	27	355	0.07605634	
	2012	16	1	56	671	0.08345753	
	2012	16	2	45	414	0.1086957	
	2012	17	1	94	640	0.146875	
	2012	17	2	57	528	0.1079545	
	2012	18	1	78	457	0.1706783	
	2012	18	2	92	482	0.1908714	
	2012	19	1	48	155	0.3096774	
	2012	19	2	67	229	0.2925764	
	2012	20	1	16	38	0.4210526	
	2012	20	2	14	55	0.2545455	
	2013	5	1	0	2	0	
	2013	5	2	0	2	0	
	2013	6	1	0	8	0	
	2013	6	2	0	1	0	
	2013	7	1	0	22	0	
	2013	8	1	0	77	0	
	2013	8	2	0	11	0	
	2013	9	1	5	210	0.02380952	
	2013	9	2	0	39	0	
	2013	10	1	15	456	0.03289474	
	2013	10	2	2	66	0.03030303	
	2013	11	1	12	615	0.0195122	
	2013	11	2	2	133	0.01503759	
	2013	12	1	25	783	0.03192848	
	2013	12	2	6	144	0.04166667	
	2013	13	1	18	749	0.02403204	
	2013	13	2	14	222	0.06306306	
	2013	14	1	38	785	0.04840764	
	2013	14	2	13	289	0.0449827	
	2013	15	1	40	770	0.05194805	
	2013	15	2	26	349	0.07449857	
	2013	16	1	58	719	0.08066759	
	2013	16	2	26	404	0.06435644	
	2013	17	1	88	686	0.1282799	
	2013	17	2	77	516	0.1492248	
	2013	18	1	84	481	0.1746362	
	2013	18	2	89	528	0.1685606	
	2013	19	1	38	170	0.2235294	
	2013	19	2	77	266	0.2894737	
	2013	20	1	11	31	0.3548387	
	2013	20	2	12	57	0.2105263	
	2014	5	1	0	6	0	
	2014	6	1	1	8	0.125	
	2014	6	2	0	1	0	
	2014	7	1	0	26	0	
	2014	7	2	1	6	0.1666667	
	2014	8	1	2	82	0.02439024	
	2014	8	2	0	14	0	
	2014	9	1	3	207	0.01449275	
	2014	9	2	1	34	0.02941176	
	2014	10	1	6	448	0.01339286	
	2014	10	2	0	78	0	
	2014	11	1	13	678	0.01917404	
	2014	11	2	2	133	0.01503759	
	2014	12	1	22	842	0.02612827	
	2014	12	2	4	157	0.02547771	
	2014	13	1	23	798	0.02882206	
	2014	13	2	6	209	0.02870813	
	2014	14	1	43	850	0.05058824	
	2014	14	2	12	255	0.04705882	
	2014	15	1	35	761	0.04599212	
	2014	15	2	22	310	0.07096774	
	2014	16	1	62	700	0.08857143	
	2014	16	2	33	417	0.07913669	
	2014	17	1	83	695	0.1194245	
	2014	17	2	55	531	0.1035782	
	2014	18	1	81	434	0.1866359	
	2014	18	2	76	471	0.1613588	
	2014	19	1	33	181	0.1823204	
	2014	19	2	73	294	0.2482993	
	2014	20	1	11	24	0.4583333	
	2014	20	2	13	51	0.254902	
	2015	5	1	0	2	0	
	2015	5	2	0	1	0	
	2015	6	1	0	13	0	
	2015	6	2	0	1	0	
	2015	7	1	0	31	0	
	2015	7	2	0	4	0	
	2015	8	1	2	75	0.02666667	
	2015	8	2	1	17	0.05882353	
	2015	9	1	4	219	0.01826484	
	2015	9	2	0	27	0	
	2015	10	1	13	447	0.02908277	
	2015	10	2	1	87	0.01149425	
	2015	11	1	11	688	0.01598837	
	2015	11	2	0	134	0	
	2015	12	1	25	822	0.03041363	
	2015	12	2	4	165	0.02424242	
	2015	13	1	26	854	0.03044496	
	2015	13	2	7	222	0.03153153	
	2015	14	1	33	864	0.03819444	
	2015	14	2	6	311	0.0192926	
	2015	15	1	47	798	0.05889724	
	2015	15	2	17	310	0.05483871	
	2015	16	1	52	716	0.0726257	
	2015	16	2	25	429	0.05827506	
	2015	17	1	94	696	0.1350575	
	2015	17	2	51	542	0.09409594	
	2015	18	1	83	447	0.1856823	
	2015	18	2	77	472	0.1631356	
	2015	19	1	48	161	0.2981366	
	2015	19	2	59	279	0.2114695	
	2015	20	1	18	38	0.4736842	
	2015	20	2	18	50	0.36	
	2016	5	1	0	4	0	
	2016	5	2	0	1	0	
	2016	6	1	0	11	0	
	2016	6	2	0	1	0	
	2016	7	1	1	18	0.05555556	
	2016	7	2	0	6	0	
	2016	8	1	0	83	0	
	2016	8	2	1	19	0.05263158	
	2016	9	1	2	202	0.00990099	
	2016	9	2	0	31	0	
	2016	10	1	8	423	0.01891253	
	2016	10	2	0	74	0	
	2016	11	1	13	697	0.01865136	
	2016	11	2	3	144	0.02083333	
	2016	12	1	20	844	0.02369668	
	2016	12	2	5	170	0.02941176	
	2016	13	1	27	903	0.02990033	
	2016	13	2	4	221	0.01809955	
	2016	14	1	27	865	0.03121387	
	2016	14	2	16	319	0.05015674	
	2016	15	1	51	781	0.0653009	
	2016	15	2	27	361	0.07479224	
	2016	16	1	59	780	0.07564103	
	2016	16	2	33	409	0.0806846	
	2016	17	1	82	706	0.1161473	
	2016	17	2	51	520	0.09807692	
	2016	18	1	74	479	0.1544885	
	2016	18	2	78	494	0.1578947	
	2016	19	1	56	200	0.28	
	2016	19	2	63	274	0.229927	
	2016	20	1	8	30	0.2666667	
	2016	20	2	19	71	0.2676056	
	2017	5	1	0	2	0	
	2017	5	2	0	1	0	
	2017	6	1	0	12	0	
	2017	6	2	0	1	0	
	2017	7	1	1	24	0.04166667	
	2017	7	2	0	2	0	
	2017	8	1	0	68	0	
	2017	8	2	0	18	0	
	2017	9	1	3	173	0.01734104	
	2017	9	2	2	28	0.07142857	
	2017	10	1	5	451	0.01108647	
	2017	10	2	3	78	0.03846154	
	2017	11	1	16	751	0.02130493	
	2017	11	2	0	142	0	
	2017	12	1	23	887	0.0259301	
	2017	12	2	9	169	0.05325444	
	2017	13	1	24	912	0.02631579	
	2017	13	2	2	198	0.01010101	
	2017	14	1	35	870	0.04022989	
	2017	14	2	18	305	0.05901639	
	2017	15	1	46	855	0.05380117	
	2017	15	2	18	395	0.04556962	
	2017	16	1	67	756	0.08862434	
	2017	16	2	36	461	0.07809111	
	2017	17	1	65	707	0.09193777	
	2017	17	2	66	561	0.1176471	
	2017	18	1	90	550	0.1636364	
	2017	18	2	74	503	0.1471173	
	2017	19	1	42	200	0.21	
	2017	19	2	72	269	0.267658	
	2017	20	1	12	37	0.3243243	
	2017	20	2	24	70	0.3428571	
	2018	5	1	0	5	0	
	2018	6	1	0	5	0	
	2018	6	2	0	1	0	
	2018	7	1	1	31	0.03225806	
	2018	7	2	0	6	0	
	2018	8	1	1	74	0.01351351	
	2018	8	2	2	10	0.2	
	2018	9	1	3	196	0.01530612	
	2018	9	2	1	32	0.03125	
	2018	10	1	7	394	0.0177665	
	2018	10	2	3	72	0.04166667	
	2018	11	1	15	734	0.02043597	
	2018	11	2	2	127	0.01574803	
	2018	12	1	16	963	0.01661475	
	2018	12	2	7	219	0.03196347	
	2018	13	1	26	945	0.02751323	
	2018	13	2	9	216	0.04166667	
	2018	14	1	35	894	0.03914989	
	2018	14	2	16	280	0.05714286	
	2018	15	1	46	909	0.05060506	
	2018	15	2	28	387	0.07235142	
	2018	16	1	54	770	0.07012987	
	2018	16	2	19	455	0.04175824	
	2018	17	1	79	728	0.1085165	
	2018	17	2	41	532	0.07706767	
	2018	18	1	57	515	0.1106796	
	2018	18	2	74	516	0.1434109	
	2018	19	1	50	201	0.2487562	
	2018	19	2	60	285	0.2105263	
	2018	20	1	11	28	0.3928571	
	2018	20	2	25	84	0.297619	
	2019	5	1	0	2	0	
	2019	6	1	0	5	0	
	2019	6	2	0	5	0	
	2019	7	1	0	31	0	
	2019	7	2	0	4	0	
	2019	8	1	1	80	0.0125	
	2019	8	2	0	10	0	
	2019	9	1	0	198	0	
	2019	9	2	0	27	0	
	2019	10	1	6	390	0.01538462	
	2019	10	2	0	64	0	
	2019	11	1	16	686	0.02332362	
	2019	11	2	3	127	0.02362205	
	2019	12	1	22	923	0.02383532	
	2019	12	2	4	200	0.02	
	2019	13	1	27	910	0.02967033	
	2019	13	2	5	236	0.02118644	
	2019	14	1	46	922	0.04989154	
	2019	14	2	11	306	0.03594771	
	2019	15	1	42	935	0.04491979	
	2019	15	2	32	431	0.07424594	
	2019	16	1	53	815	0.06503067	
	2019	16	2	40	486	0.08230453	
	2019	17	1	71	711	0.09985935	
	2019	17	2	48	532	0.09022556	
	2019	18	1	70	486	0.1440329	
	2019	18	2	70	488	0.1434426	
	2019	19	1	43	171	0.251462	
	2019	19	2	58	271	0.2140221	
	2019	20	1	7	43	0.1627907	
	2019	20	2	16	67	0.238806	
