
	D2_06_M COPD ohne Tumor mit FEV1 n.n.bez. (Alter >19), Mortalität // BPCO sans tumeur avec VEF1 non précisé (âge >19), mortalité // BPCO senza tumore con VEMS1 NAS (età >19), mortalità
	BAG/OFSP/UFSP - CH-IQI Version V5-2 - Daten 2019 - 21. April 2021

	Jahr	AltEGrp	Sex	DeathCH	CasesCH	pCH	
	2009	5	1	0	1	0	
	2009	5	2	0	3	0	
	2009	6	1	0	2	0	
	2009	6	2	0	1	0	
	2009	7	1	0	3	0	
	2009	7	2	0	2	0	
	2009	8	1	0	2	0	
	2009	8	2	0	2	0	
	2009	9	1	0	16	0	
	2009	9	2	0	17	0	
	2009	10	1	0	14	0	
	2009	10	2	0	19	0	
	2009	11	1	2	40	0.05	
	2009	11	2	0	40	0	
	2009	12	1	1	60	0.01666667	
	2009	12	2	1	60	0.01666667	
	2009	13	1	2	120	0.01666667	
	2009	13	2	3	75	0.04	
	2009	14	1	1	124	0.008064516	
	2009	14	2	3	120	0.025	
	2009	15	1	9	163	0.05521472	
	2009	15	2	4	129	0.03100775	
	2009	16	1	9	203	0.04433498	
	2009	16	2	10	155	0.06451613	
	2009	17	1	21	206	0.1019417	
	2009	17	2	6	129	0.04651163	
	2009	18	1	12	117	0.1025641	
	2009	18	2	11	103	0.1067961	
	2009	19	1	2	39	0.05128205	
	2009	19	2	2	28	0.07142857	
	2009	20	1	0	5	0	
	2009	20	2	2	6	0.3333333	
	2010	5	1	0	2	0	
	2010	6	2	0	4	0	
	2010	7	1	0	2	0	
	2010	8	1	0	9	0	
	2010	8	2	0	3	0	
	2010	9	1	0	5	0	
	2010	9	2	0	11	0	
	2010	10	1	0	23	0	
	2010	10	2	0	19	0	
	2010	11	1	0	56	0	
	2010	11	2	0	46	0	
	2010	12	1	1	74	0.01351351	
	2010	12	2	0	73	0	
	2010	13	1	4	119	0.03361345	
	2010	13	2	6	118	0.05084746	
	2010	14	1	3	184	0.01630435	
	2010	14	2	3	133	0.02255639	
	2010	15	1	7	176	0.03977273	
	2010	15	2	2	136	0.01470588	
	2010	16	1	12	243	0.04938272	
	2010	16	2	5	146	0.03424658	
	2010	17	1	14	245	0.05714286	
	2010	17	2	7	197	0.03553299	
	2010	18	1	13	153	0.08496732	
	2010	18	2	4	129	0.03100775	
	2010	19	1	7	37	0.1891892	
	2010	19	2	9	49	0.1836735	
	2010	20	1	0	7	0	
	2010	20	2	2	12	0.1666667	
	2011	5	1	0	3	0	
	2011	5	2	0	2	0	
	2011	6	2	0	5	0	
	2011	7	1	0	2	0	
	2011	7	2	0	2	0	
	2011	8	1	0	8	0	
	2011	8	2	0	8	0	
	2011	9	1	0	13	0	
	2011	9	2	0	19	0	
	2011	10	1	2	28	0.07142857	
	2011	10	2	0	13	0	
	2011	11	1	1	49	0.02040816	
	2011	11	2	1	51	0.01960784	
	2011	12	1	1	63	0.01587302	
	2011	12	2	1	59	0.01694915	
	2011	13	1	3	123	0.02439024	
	2011	13	2	1	84	0.01190476	
	2011	14	1	4	159	0.02515723	
	2011	14	2	2	111	0.01801802	
	2011	15	1	6	172	0.03488372	
	2011	15	2	3	145	0.02068966	
	2011	16	1	7	236	0.02966102	
	2011	16	2	6	180	0.03333333	
	2011	17	1	12	241	0.04979253	
	2011	17	2	4	195	0.02051282	
	2011	18	1	6	165	0.03636364	
	2011	18	2	10	144	0.06944444	
	2011	19	1	6	64	0.09375	
	2011	19	2	2	51	0.03921569	
	2011	20	1	0	6	0	
	2011	20	2	2	20	0.1	
	2012	5	2	0	2	0	
	2012	6	1	0	1	0	
	2012	7	1	0	2	0	
	2012	7	2	0	5	0	
	2012	8	1	0	6	0	
	2012	8	2	0	3	0	
	2012	9	1	0	14	0	
	2012	9	2	0	10	0	
	2012	10	1	0	31	0	
	2012	10	2	0	16	0	
	2012	11	1	0	52	0	
	2012	11	2	0	49	0	
	2012	12	1	0	71	0	
	2012	12	2	0	45	0	
	2012	13	1	1	89	0.01123596	
	2012	13	2	2	82	0.02439024	
	2012	14	1	2	142	0.01408451	
	2012	14	2	4	123	0.03252033	
	2012	15	1	6	151	0.0397351	
	2012	15	2	4	139	0.02877698	
	2012	16	1	9	170	0.05294118	
	2012	16	2	3	157	0.01910828	
	2012	17	1	6	225	0.02666667	
	2012	17	2	8	186	0.04301075	
	2012	18	1	12	142	0.08450704	
	2012	18	2	9	135	0.06666667	
	2012	19	1	8	60	0.1333333	
	2012	19	2	1	47	0.0212766	
	2012	20	1	0	7	0	
	2012	20	2	3	10	0.3	
	2013	6	1	0	4	0	
	2013	6	2	0	1	0	
	2013	7	2	0	4	0	
	2013	8	1	0	4	0	
	2013	8	2	0	10	0	
	2013	9	1	0	21	0	
	2013	9	2	0	6	0	
	2013	10	1	0	29	0	
	2013	10	2	0	16	0	
	2013	11	1	1	37	0.02702703	
	2013	11	2	1	41	0.02439024	
	2013	12	1	0	66	0	
	2013	12	2	0	60	0	
	2013	13	1	1	108	0.009259259	
	2013	13	2	0	90	0	
	2013	14	1	8	136	0.05882353	
	2013	14	2	2	122	0.01639344	
	2013	15	1	6	149	0.04026846	
	2013	15	2	7	146	0.04794521	
	2013	16	1	8	190	0.04210526	
	2013	16	2	7	154	0.04545455	
	2013	17	1	11	198	0.05555556	
	2013	17	2	16	193	0.08290155	
	2013	18	1	10	137	0.0729927	
	2013	18	2	7	129	0.05426357	
	2013	19	1	9	53	0.1698113	
	2013	19	2	6	62	0.09677419	
	2013	20	1	1	6	0.1666667	
	2013	20	2	0	11	0	
	2014	5	2	0	1	0	
	2014	6	1	0	2	0	
	2014	6	2	0	2	0	
	2014	7	1	0	4	0	
	2014	7	2	0	2	0	
	2014	8	1	0	4	0	
	2014	8	2	0	4	0	
	2014	9	1	0	8	0	
	2014	9	2	0	10	0	
	2014	10	1	0	22	0	
	2014	10	2	0	24	0	
	2014	11	1	0	47	0	
	2014	11	2	0	42	0	
	2014	12	1	1	45	0.02222222	
	2014	12	2	0	50	0	
	2014	13	1	2	83	0.02409639	
	2014	13	2	3	88	0.03409091	
	2014	14	1	4	122	0.03278689	
	2014	14	2	4	98	0.04081633	
	2014	15	1	5	154	0.03246753	
	2014	15	2	6	136	0.04411765	
	2014	16	1	6	144	0.04166667	
	2014	16	2	2	124	0.01612903	
	2014	17	1	9	190	0.04736842	
	2014	17	2	9	164	0.05487805	
	2014	18	1	9	87	0.1034483	
	2014	18	2	7	151	0.04635762	
	2014	19	1	5	50	0.1	
	2014	19	2	2	48	0.04166667	
	2014	20	1	0	10	0	
	2014	20	2	1	6	0.1666667	
	2015	5	1	0	1	0	
	2015	5	2	0	2	0	
	2015	6	1	0	1	0	
	2015	6	2	0	1	0	
	2015	7	1	0	6	0	
	2015	8	1	0	6	0	
	2015	8	2	0	1	0	
	2015	9	1	0	11	0	
	2015	9	2	0	7	0	
	2015	10	1	0	26	0	
	2015	10	2	0	16	0	
	2015	11	1	0	36	0	
	2015	11	2	0	40	0	
	2015	12	1	0	61	0	
	2015	12	2	1	73	0.01369863	
	2015	13	1	2	98	0.02040816	
	2015	13	2	1	82	0.01219512	
	2015	14	1	3	122	0.02459016	
	2015	14	2	3	94	0.03191489	
	2015	15	1	1	126	0.007936508	
	2015	15	2	3	172	0.01744186	
	2015	16	1	7	163	0.04294479	
	2015	16	2	14	164	0.08536585	
	2015	17	1	15	217	0.06912442	
	2015	17	2	9	186	0.0483871	
	2015	18	1	8	137	0.05839416	
	2015	18	2	16	155	0.1032258	
	2015	19	1	8	71	0.1126761	
	2015	19	2	4	60	0.06666667	
	2015	20	1	1	8	0.125	
	2015	20	2	0	12	0	
	2016	8	1	0	2	0	
	2016	8	2	0	5	0	
	2016	9	1	0	5	0	
	2016	9	2	0	6	0	
	2016	10	1	0	20	0	
	2016	10	2	0	14	0	
	2016	11	1	0	40	0	
	2016	11	2	0	33	0	
	2016	12	1	0	44	0	
	2016	12	2	1	71	0.01408451	
	2016	13	1	3	107	0.02803738	
	2016	13	2	1	81	0.01234568	
	2016	14	1	3	105	0.02857143	
	2016	14	2	0	119	0	
	2016	15	1	5	136	0.03676471	
	2016	15	2	2	129	0.01550388	
	2016	16	1	2	138	0.01449275	
	2016	16	2	6	137	0.04379562	
	2016	17	1	5	160	0.03125	
	2016	17	2	2	150	0.01333333	
	2016	18	1	8	120	0.06666667	
	2016	18	2	7	118	0.05932203	
	2016	19	1	4	47	0.08510638	
	2016	19	2	5	63	0.07936508	
	2016	20	1	1	7	0.1428571	
	2016	20	2	1	12	0.08333333	
	2017	5	2	0	4	0	
	2017	6	1	0	2	0	
	2017	6	2	0	1	0	
	2017	7	1	0	6	0	
	2017	7	2	0	2	0	
	2017	8	1	0	4	0	
	2017	8	2	0	1	0	
	2017	9	1	0	8	0	
	2017	9	2	0	7	0	
	2017	10	1	0	15	0	
	2017	10	2	1	17	0.05882353	
	2017	11	1	0	42	0	
	2017	11	2	0	32	0	
	2017	12	1	0	63	0	
	2017	12	2	1	49	0.02040816	
	2017	13	1	2	79	0.02531646	
	2017	13	2	1	89	0.01123596	
	2017	14	1	0	110	0	
	2017	14	2	1	110	0.009090909	
	2017	15	1	12	154	0.07792208	
	2017	15	2	3	145	0.02068966	
	2017	16	1	6	165	0.03636364	
	2017	16	2	9	162	0.05555556	
	2017	17	1	10	165	0.06060606	
	2017	17	2	9	171	0.05263158	
	2017	18	1	12	150	0.08	
	2017	18	2	5	136	0.03676471	
	2017	19	1	7	57	0.122807	
	2017	19	2	4	73	0.05479452	
	2017	20	1	0	8	0	
	2017	20	2	4	13	0.3076923	
	2018	5	1	0	1	0	
	2018	6	2	0	3	0	
	2018	7	1	0	2	0	
	2018	7	2	0	1	0	
	2018	8	1	0	4	0	
	2018	8	2	0	3	0	
	2018	9	1	0	15	0	
	2018	9	2	0	4	0	
	2018	10	1	0	18	0	
	2018	10	2	0	13	0	
	2018	11	1	0	56	0	
	2018	11	2	0	38	0	
	2018	12	1	0	72	0	
	2018	12	2	0	57	0	
	2018	13	1	0	74	0	
	2018	13	2	0	84	0	
	2018	14	1	2	107	0.01869159	
	2018	14	2	3	112	0.02678571	
	2018	15	1	4	146	0.02739726	
	2018	15	2	4	156	0.02564103	
	2018	16	1	4	156	0.02564103	
	2018	16	2	8	136	0.05882353	
	2018	17	1	11	180	0.06111111	
	2018	17	2	4	149	0.02684564	
	2018	18	1	7	134	0.05223881	
	2018	18	2	7	112	0.0625	
	2018	19	1	7	53	0.1320755	
	2018	19	2	3	59	0.05084746	
	2018	20	1	0	13	0	
	2018	20	2	4	25	0.16	
	2019	5	1	0	2	0	
	2019	6	1	0	1	0	
	2019	6	2	0	1	0	
	2019	7	1	0	3	0	
	2019	7	2	0	1	0	
	2019	8	1	0	2	0	
	2019	8	2	0	2	0	
	2019	9	1	0	10	0	
	2019	9	2	0	5	0	
	2019	10	1	0	17	0	
	2019	10	2	0	17	0	
	2019	11	1	0	41	0	
	2019	11	2	0	40	0	
	2019	12	1	1	78	0.01282051	
	2019	12	2	0	85	0	
	2019	13	1	0	88	0	
	2019	13	2	3	118	0.02542373	
	2019	14	1	0	125	0	
	2019	14	2	3	113	0.02654867	
	2019	15	1	4	139	0.02877698	
	2019	15	2	5	144	0.03472222	
	2019	16	1	4	165	0.02424242	
	2019	16	2	6	182	0.03296703	
	2019	17	1	6	165	0.03636364	
	2019	17	2	9	181	0.04972376	
	2019	18	1	5	102	0.04901961	
	2019	18	2	7	148	0.0472973	
	2019	19	1	0	58	0	
	2019	19	2	9	72	0.125	
	2019	20	1	3	12	0.25	
	2019	20	2	0	14	0	
