
	E6_01_M Komplexe Eingriffe am Ösophagus, Mortalität // Interventions complexes de l'œsophage, mortalité // Interventi complessi sull'esofago, mortalità
	BAG/OFSP/UFSP - CH-IQI Version V5-2 - Daten 2019 - 21. April 2021

	Jahr	AltEGrp	Sex	DeathCH	CasesCH	pCH	
	2008	1	1	0	12	0	
	2008	1	2	0	8	0	
	2008	2	1	0	1	0	
	2008	2	2	0	2	0	
	2008	6	1	0	1	0	
	2008	7	1	0	1	0	
	2008	7	2	0	1	0	
	2008	8	1	0	1	0	
	2008	9	1	0	2	0	
	2008	9	2	0	2	0	
	2008	10	1	2	10	0.2	
	2008	10	2	0	7	0	
	2008	11	1	0	11	0	
	2008	11	2	0	7	0	
	2008	12	1	1	25	0.04	
	2008	12	2	0	7	0	
	2008	13	1	1	40	0.025	
	2008	13	2	0	10	0	
	2008	14	1	1	28	0.03571429	
	2008	14	2	0	6	0	
	2008	15	1	2	22	0.09090909	
	2008	15	2	2	16	0.125	
	2008	16	1	1	20	0.05	
	2008	16	2	0	10	0	
	2008	17	1	0	7	0	
	2008	17	2	1	2	0.5	
	2008	18	1	0	2	0	
	2008	18	2	0	2	0	
	2009	1	1	1	15	0.06666667	
	2009	1	2	1	14	0.07142857	
	2009	2	1	0	2	0	
	2009	2	2	0	2	0	
	2009	5	2	0	1	0	
	2009	7	1	0	1	0	
	2009	8	1	0	5	0	
	2009	8	2	0	1	0	
	2009	9	1	0	8	0	
	2009	9	2	0	1	0	
	2009	10	1	1	11	0.09090909	
	2009	10	2	0	1	0	
	2009	11	1	2	18	0.1111111	
	2009	11	2	0	2	0	
	2009	12	1	0	18	0	
	2009	12	2	1	4	0.25	
	2009	13	1	1	30	0.03333333	
	2009	13	2	0	2	0	
	2009	14	1	3	37	0.08108108	
	2009	14	2	0	10	0	
	2009	15	1	5	33	0.1515152	
	2009	15	2	0	7	0	
	2009	16	1	3	22	0.1363636	
	2009	16	2	0	5	0	
	2009	17	1	1	6	0.1666667	
	2009	17	2	0	3	0	
	2009	19	1	0	1	0	
	2009	19	2	1	1	1	
	2010	1	1	0	20	0	
	2010	1	2	0	3	0	
	2010	2	2	0	1	0	
	2010	5	1	0	1	0	
	2010	7	1	0	3	0	
	2010	8	1	1	3	0.3333333	
	2010	8	2	0	1	0	
	2010	9	1	0	7	0	
	2010	9	2	0	1	0	
	2010	10	1	1	11	0.09090909	
	2010	10	2	0	5	0	
	2010	11	1	0	17	0	
	2010	11	2	2	3	0.6666667	
	2010	12	1	1	27	0.03703704	
	2010	12	2	0	7	0	
	2010	13	1	2	41	0.04878049	
	2010	13	2	1	12	0.08333333	
	2010	14	1	1	33	0.03030303	
	2010	14	2	2	18	0.1111111	
	2010	15	1	1	23	0.04347826	
	2010	15	2	0	11	0	
	2010	16	1	1	12	0.08333333	
	2010	16	2	1	7	0.1428571	
	2010	17	1	3	9	0.3333333	
	2010	17	2	1	5	0.2	
	2010	18	1	0	1	0	
	2011	1	1	1	14	0.07142857	
	2011	1	2	0	7	0	
	2011	3	2	0	1	0	
	2011	4	2	0	1	0	
	2011	6	2	0	3	0	
	2011	8	1	0	1	0	
	2011	8	2	0	1	0	
	2011	9	1	0	5	0	
	2011	9	2	0	2	0	
	2011	10	1	1	11	0.09090909	
	2011	10	2	0	2	0	
	2011	11	1	0	23	0	
	2011	11	2	1	12	0.08333333	
	2011	12	1	0	24	0	
	2011	12	2	0	9	0	
	2011	13	1	1	34	0.02941176	
	2011	13	2	0	9	0	
	2011	14	1	4	59	0.06779661	
	2011	14	2	1	7	0.1428571	
	2011	15	1	2	29	0.06896552	
	2011	15	2	0	6	0	
	2011	16	1	2	22	0.09090909	
	2011	16	2	1	3	0.3333333	
	2011	17	1	1	6	0.1666667	
	2011	17	2	0	4	0	
	2011	18	1	0	3	0	
	2011	18	2	0	2	0	
	2012	1	1	0	6	0	
	2012	1	2	0	9	0	
	2012	2	2	0	4	0	
	2012	3	2	0	1	0	
	2012	4	1	0	1	0	
	2012	5	2	0	1	0	
	2012	8	1	0	1	0	
	2012	8	2	0	2	0	
	2012	9	1	0	6	0	
	2012	9	2	0	3	0	
	2012	10	1	0	15	0	
	2012	10	2	0	3	0	
	2012	11	1	0	16	0	
	2012	11	2	0	6	0	
	2012	12	1	1	24	0.04166667	
	2012	12	2	1	9	0.1111111	
	2012	13	1	2	44	0.04545455	
	2012	13	2	1	11	0.09090909	
	2012	14	1	1	38	0.02631579	
	2012	14	2	0	12	0	
	2012	15	1	1	32	0.03125	
	2012	15	2	1	14	0.07142857	
	2012	16	1	2	14	0.1428571	
	2012	16	2	1	9	0.1111111	
	2012	17	1	0	9	0	
	2012	17	2	0	1	0	
	2012	18	1	1	3	0.3333333	
	2012	18	2	2	4	0.5	
	2013	1	1	0	6	0	
	2013	1	2	0	12	0	
	2013	2	1	0	1	0	
	2013	4	2	0	1	0	
	2013	6	1	0	1	0	
	2013	7	1	0	1	0	
	2013	8	1	0	1	0	
	2013	9	1	0	6	0	
	2013	9	2	0	7	0	
	2013	10	1	0	9	0	
	2013	10	2	0	2	0	
	2013	11	1	0	9	0	
	2013	11	2	0	8	0	
	2013	12	1	1	32	0.03125	
	2013	12	2	0	10	0	
	2013	13	1	2	48	0.04166667	
	2013	13	2	2	13	0.1538462	
	2013	14	1	5	46	0.1086957	
	2013	14	2	2	15	0.1333333	
	2013	15	1	2	43	0.04651163	
	2013	15	2	2	10	0.2	
	2013	16	1	4	32	0.125	
	2013	16	2	0	5	0	
	2013	17	1	4	12	0.3333333	
	2013	17	2	3	9	0.3333333	
	2013	18	1	1	4	0.25	
	2013	18	2	1	3	0.3333333	
	2013	19	2	0	1	0	
	2014	1	1	1	13	0.07692308	
	2014	1	2	1	8	0.125	
	2014	2	1	0	1	0	
	2014	2	2	0	2	0	
	2014	5	2	0	2	0	
	2014	7	2	0	2	0	
	2014	8	1	0	3	0	
	2014	8	2	0	4	0	
	2014	9	1	0	7	0	
	2014	9	2	0	4	0	
	2014	10	1	1	10	0.1	
	2014	10	2	0	3	0	
	2014	11	1	0	13	0	
	2014	11	2	0	8	0	
	2014	12	1	2	36	0.05555556	
	2014	12	2	0	11	0	
	2014	13	1	3	37	0.08108108	
	2014	13	2	0	9	0	
	2014	14	1	4	55	0.07272727	
	2014	14	2	0	17	0	
	2014	15	1	6	50	0.12	
	2014	15	2	1	13	0.07692308	
	2014	16	1	2	19	0.1052632	
	2014	16	2	1	8	0.125	
	2014	17	1	1	7	0.1428571	
	2014	17	2	0	3	0	
	2014	18	2	0	2	0	
	2015	1	1	0	9	0	
	2015	1	2	0	14	0	
	2015	2	1	0	2	0	
	2015	3	1	0	1	0	
	2015	7	2	0	2	0	
	2015	8	1	2	5	0.4	
	2015	8	2	1	1	1	
	2015	9	1	1	7	0.1428571	
	2015	9	2	0	2	0	
	2015	10	1	0	17	0	
	2015	10	2	0	5	0	
	2015	11	1	0	28	0	
	2015	11	2	0	7	0	
	2015	12	1	1	25	0.04	
	2015	12	2	0	7	0	
	2015	13	1	2	42	0.04761905	
	2015	13	2	2	13	0.1538462	
	2015	14	1	2	33	0.06060606	
	2015	14	2	0	15	0	
	2015	15	1	4	49	0.08163265	
	2015	15	2	1	8	0.125	
	2015	16	1	3	21	0.1428571	
	2015	16	2	1	8	0.125	
	2015	17	1	0	7	0	
	2015	17	2	0	5	0	
	2015	18	1	0	2	0	
	2016	1	1	1	13	0.07692308	
	2016	1	2	1	11	0.09090909	
	2016	2	1	0	3	0	
	2016	7	1	0	2	0	
	2016	7	2	0	1	0	
	2016	8	1	0	4	0	
	2016	8	2	0	1	0	
	2016	9	1	0	7	0	
	2016	10	1	0	15	0	
	2016	10	2	0	7	0	
	2016	11	1	1	22	0.04545455	
	2016	11	2	0	8	0	
	2016	12	1	0	27	0	
	2016	12	2	0	9	0	
	2016	13	1	3	42	0.07142857	
	2016	13	2	0	6	0	
	2016	14	1	2	43	0.04651163	
	2016	14	2	2	20	0.1	
	2016	15	1	0	43	0	
	2016	15	2	1	12	0.08333333	
	2016	16	1	4	27	0.1481481	
	2016	16	2	0	5	0	
	2016	17	1	1	4	0.25	
	2016	17	2	1	4	0.25	
	2016	18	1	0	3	0	
	2016	18	2	1	1	1	
	2017	1	1	0	14	0	
	2017	1	2	0	12	0	
	2017	6	1	0	1	0	
	2017	6	2	0	1	0	
	2017	7	1	0	1	0	
	2017	7	2	0	1	0	
	2017	8	2	0	1	0	
	2017	9	1	1	3	0.3333333	
	2017	10	1	1	14	0.07142857	
	2017	10	2	0	1	0	
	2017	11	1	0	24	0	
	2017	11	2	1	9	0.1111111	
	2017	12	1	0	18	0	
	2017	12	2	1	4	0.25	
	2017	13	1	2	44	0.04545455	
	2017	13	2	1	15	0.06666667	
	2017	14	1	4	48	0.08333333	
	2017	14	2	1	9	0.1111111	
	2017	15	1	1	38	0.02631579	
	2017	15	2	0	11	0	
	2017	16	1	2	29	0.06896552	
	2017	16	2	0	5	0	
	2017	17	1	2	11	0.1818182	
	2017	17	2	0	3	0	
	2017	18	1	0	2	0	
	2017	18	2	0	2	0	
	2018	1	1	0	10	0	
	2018	1	2	0	10	0	
	2018	2	1	0	2	0	
	2018	2	2	0	1	0	
	2018	6	1	0	1	0	
	2018	7	1	0	1	0	
	2018	8	1	0	2	0	
	2018	9	1	0	3	0	
	2018	9	2	0	3	0	
	2018	10	1	0	4	0	
	2018	10	2	0	2	0	
	2018	11	1	0	17	0	
	2018	11	2	0	4	0	
	2018	12	1	2	44	0.04545455	
	2018	12	2	0	8	0	
	2018	13	1	0	49	0	
	2018	13	2	0	10	0	
	2018	14	1	0	52	0	
	2018	14	2	0	11	0	
	2018	15	1	2	46	0.04347826	
	2018	15	2	1	12	0.08333333	
	2018	16	1	3	25	0.12	
	2018	16	2	0	13	0	
	2018	17	1	0	10	0	
	2018	17	2	0	2	0	
	2018	18	1	0	2	0	
	2019	1	1	0	10	0	
	2019	1	2	1	12	0.08333333	
	2019	2	1	0	1	0	
	2019	2	2	0	1	0	
	2019	4	2	0	1	0	
	2019	6	2	0	1	0	
	2019	7	1	0	1	0	
	2019	7	2	0	1	0	
	2019	8	1	0	2	0	
	2019	8	2	0	1	0	
	2019	9	1	0	4	0	
	2019	9	2	0	4	0	
	2019	10	1	0	8	0	
	2019	10	2	0	2	0	
	2019	11	1	2	29	0.06896552	
	2019	11	2	0	5	0	
	2019	12	1	2	21	0.0952381	
	2019	12	2	1	11	0.09090909	
	2019	13	1	0	24	0	
	2019	13	2	1	16	0.0625	
	2019	14	1	1	42	0.02380952	
	2019	14	2	1	12	0.08333333	
	2019	15	1	2	60	0.03333333	
	2019	15	2	0	18	0	
	2019	16	1	4	42	0.0952381	
	2019	16	2	0	13	0	
	2019	17	1	1	9	0.1111111	
	2019	17	2	1	7	0.1428571	
	2019	18	1	1	2	0.5	
	2019	18	2	0	1	0	
