
	E4_05_M Kolorektale Resektionen bei Divertikel ohne Abszess/Perforation, Mortalität // Résections colorectales pour diverticule sans abcès/perforation, mortalité // Resezioni colorettali per diverticolo senza ascesso/perforazione, mortalità
	BAG/OFSP/UFSP - CH-IQI Version V5-2 - Daten 2019 - 21. April 2021

	Jahr	AltEGrp	Sex	DeathCH	CasesCH	pCH	
	2008	5	1	0	2	0	
	2008	6	1	0	5	0	
	2008	6	2	0	2	0	
	2008	7	1	0	21	0	
	2008	7	2	0	2	0	
	2008	8	1	0	28	0	
	2008	8	2	0	9	0	
	2008	9	1	0	66	0	
	2008	9	2	0	39	0	
	2008	10	1	0	91	0	
	2008	10	2	0	70	0	
	2008	11	1	0	107	0	
	2008	11	2	0	108	0	
	2008	12	1	0	137	0	
	2008	12	2	0	194	0	
	2008	13	1	1	146	0.006849315	
	2008	13	2	0	247	0	
	2008	14	1	0	121	0	
	2008	14	2	0	227	0	
	2008	15	1	0	90	0	
	2008	15	2	0	221	0	
	2008	16	1	0	44	0	
	2008	16	2	0	143	0	
	2008	17	1	1	18	0.05555556	
	2008	17	2	0	67	0	
	2008	18	1	1	6	0.1666667	
	2008	18	2	0	21	0	
	2008	19	1	1	2	0.5	
	2008	19	2	0	8	0	
	2008	20	2	0	1	0	
	2009	5	1	0	1	0	
	2009	5	2	0	1	0	
	2009	6	1	0	2	0	
	2009	6	2	0	3	0	
	2009	7	1	0	18	0	
	2009	7	2	0	4	0	
	2009	8	1	0	28	0	
	2009	8	2	0	7	0	
	2009	9	1	0	64	0	
	2009	9	2	0	30	0	
	2009	10	1	0	88	0	
	2009	10	2	0	80	0	
	2009	11	1	0	111	0	
	2009	11	2	0	124	0	
	2009	12	1	0	139	0	
	2009	12	2	1	171	0.005847953	
	2009	13	1	0	150	0	
	2009	13	2	0	185	0	
	2009	14	1	0	121	0	
	2009	14	2	1	223	0.004484305	
	2009	15	1	0	100	0	
	2009	15	2	2	170	0.01176471	
	2009	16	1	3	52	0.05769231	
	2009	16	2	0	128	0	
	2009	17	1	2	25	0.08	
	2009	17	2	1	65	0.01538462	
	2009	18	1	0	9	0	
	2009	18	2	1	14	0.07142857	
	2009	19	1	0	1	0	
	2009	19	2	1	4	0.25	
	2010	5	1	0	1	0	
	2010	5	2	0	1	0	
	2010	6	1	0	7	0	
	2010	6	2	0	3	0	
	2010	7	1	0	10	0	
	2010	7	2	0	2	0	
	2010	8	1	0	35	0	
	2010	8	2	0	9	0	
	2010	9	1	0	51	0	
	2010	9	2	0	23	0	
	2010	10	1	0	87	0	
	2010	10	2	0	66	0	
	2010	11	1	0	127	0	
	2010	11	2	0	118	0	
	2010	12	1	0	134	0	
	2010	12	2	1	136	0.007352941	
	2010	13	1	1	139	0.007194245	
	2010	13	2	0	189	0	
	2010	14	1	0	121	0	
	2010	14	2	0	230	0	
	2010	15	1	1	71	0.01408451	
	2010	15	2	0	155	0	
	2010	16	1	2	53	0.03773585	
	2010	16	2	0	115	0	
	2010	17	1	6	29	0.2068966	
	2010	17	2	2	49	0.04081633	
	2010	18	1	0	6	0	
	2010	18	2	2	26	0.07692308	
	2010	19	1	0	1	0	
	2010	19	2	0	3	0	
	2011	5	1	0	1	0	
	2011	6	1	0	3	0	
	2011	6	2	0	1	0	
	2011	7	1	0	17	0	
	2011	7	2	0	8	0	
	2011	8	1	0	24	0	
	2011	8	2	0	4	0	
	2011	9	1	0	71	0	
	2011	9	2	0	24	0	
	2011	10	1	0	114	0	
	2011	10	2	0	60	0	
	2011	11	1	0	124	0	
	2011	11	2	0	127	0	
	2011	12	1	0	119	0	
	2011	12	2	0	171	0	
	2011	13	1	2	157	0.01273885	
	2011	13	2	0	194	0	
	2011	14	1	0	120	0	
	2011	14	2	1	195	0.005128205	
	2011	15	1	1	78	0.01282051	
	2011	15	2	2	178	0.01123596	
	2011	16	1	1	47	0.0212766	
	2011	16	2	0	119	0	
	2011	17	1	3	22	0.1363636	
	2011	17	2	1	62	0.01612903	
	2011	18	1	1	4	0.25	
	2011	18	2	1	15	0.06666667	
	2011	19	2	0	2	0	
	2012	5	1	0	2	0	
	2012	6	1	0	5	0	
	2012	7	1	0	13	0	
	2012	7	2	0	4	0	
	2012	8	1	0	20	0	
	2012	8	2	0	9	0	
	2012	9	1	1	61	0.01639344	
	2012	9	2	0	27	0	
	2012	10	1	0	101	0	
	2012	10	2	0	58	0	
	2012	11	1	0	153	0	
	2012	11	2	0	116	0	
	2012	12	1	0	129	0	
	2012	12	2	0	153	0	
	2012	13	1	1	128	0.0078125	
	2012	13	2	0	192	0	
	2012	14	1	0	118	0	
	2012	14	2	0	221	0	
	2012	15	1	0	84	0	
	2012	15	2	1	174	0.005747126	
	2012	16	1	3	58	0.05172414	
	2012	16	2	2	109	0.01834862	
	2012	17	1	1	22	0.04545455	
	2012	17	2	1	57	0.01754386	
	2012	18	1	1	6	0.1666667	
	2012	18	2	0	14	0	
	2012	19	2	0	2	0	
	2012	20	1	0	1	0	
	2013	6	1	0	8	0	
	2013	6	2	0	2	0	
	2013	7	1	0	19	0	
	2013	7	2	0	2	0	
	2013	8	1	0	27	0	
	2013	8	2	0	14	0	
	2013	9	1	0	49	0	
	2013	9	2	0	28	0	
	2013	10	1	0	100	0	
	2013	10	2	0	66	0	
	2013	11	1	0	101	0	
	2013	11	2	0	116	0	
	2013	12	1	0	145	0	
	2013	12	2	0	169	0	
	2013	13	1	0	102	0	
	2013	13	2	0	185	0	
	2013	14	1	0	105	0	
	2013	14	2	0	171	0	
	2013	15	1	0	72	0	
	2013	15	2	2	155	0.01290323	
	2013	16	1	1	45	0.02222222	
	2013	16	2	1	105	0.00952381	
	2013	17	1	1	26	0.03846154	
	2013	17	2	1	44	0.02272727	
	2013	18	1	0	6	0	
	2013	18	2	1	9	0.1111111	
	2013	19	1	0	3	0	
	2013	19	2	0	1	0	
	2013	20	2	0	1	0	
	2014	5	1	0	1	0	
	2014	6	1	0	4	0	
	2014	6	2	0	1	0	
	2014	7	1	0	9	0	
	2014	7	2	0	5	0	
	2014	8	1	0	18	0	
	2014	8	2	0	6	0	
	2014	9	1	0	43	0	
	2014	9	2	0	20	0	
	2014	10	1	0	86	0	
	2014	10	2	0	48	0	
	2014	11	1	0	91	0	
	2014	11	2	0	106	0	
	2014	12	1	1	93	0.01075269	
	2014	12	2	0	141	0	
	2014	13	1	0	104	0	
	2014	13	2	0	182	0	
	2014	14	1	1	105	0.00952381	
	2014	14	2	0	160	0	
	2014	15	1	1	71	0.01408451	
	2014	15	2	0	145	0	
	2014	16	1	2	37	0.05405405	
	2014	16	2	1	94	0.0106383	
	2014	17	1	0	17	0	
	2014	17	2	1	42	0.02380952	
	2014	18	1	0	7	0	
	2014	18	2	1	12	0.08333333	
	2014	19	1	0	1	0	
	2014	19	2	0	1	0	
	2015	5	1	0	1	0	
	2015	5	2	0	1	0	
	2015	6	1	0	5	0	
	2015	6	2	0	1	0	
	2015	7	1	0	10	0	
	2015	7	2	0	5	0	
	2015	8	1	0	18	0	
	2015	8	2	0	8	0	
	2015	9	1	0	30	0	
	2015	9	2	0	16	0	
	2015	10	1	0	56	0	
	2015	10	2	0	47	0	
	2015	11	1	0	78	0	
	2015	11	2	0	92	0	
	2015	12	1	0	99	0	
	2015	12	2	0	116	0	
	2015	13	1	0	95	0	
	2015	13	2	0	124	0	
	2015	14	1	0	77	0	
	2015	14	2	0	157	0	
	2015	15	1	0	51	0	
	2015	15	2	0	124	0	
	2015	16	1	0	31	0	
	2015	16	2	0	78	0	
	2015	17	1	0	21	0	
	2015	17	2	1	49	0.02040816	
	2015	18	1	0	7	0	
	2015	18	2	0	15	0	
	2015	19	1	0	2	0	
	2015	19	2	0	3	0	
	2016	6	1	0	2	0	
	2016	7	1	0	7	0	
	2016	7	2	0	1	0	
	2016	8	1	0	27	0	
	2016	8	2	0	5	0	
	2016	9	1	0	42	0	
	2016	9	2	0	16	0	
	2016	10	1	0	47	0	
	2016	10	2	0	36	0	
	2016	11	1	0	104	0	
	2016	11	2	0	99	0	
	2016	12	1	0	94	0	
	2016	12	2	0	97	0	
	2016	13	1	0	96	0	
	2016	13	2	0	138	0	
	2016	14	1	0	83	0	
	2016	14	2	0	137	0	
	2016	15	1	0	67	0	
	2016	15	2	0	139	0	
	2016	16	1	0	28	0	
	2016	16	2	0	96	0	
	2016	17	1	1	23	0.04347826	
	2016	17	2	0	41	0	
	2016	18	1	0	5	0	
	2016	18	2	1	5	0.2	
	2016	19	1	0	1	0	
	2017	5	1	0	1	0	
	2017	5	2	0	1	0	
	2017	6	1	0	6	0	
	2017	6	2	0	2	0	
	2017	7	1	0	12	0	
	2017	7	2	0	6	0	
	2017	8	1	0	24	0	
	2017	8	2	0	6	0	
	2017	9	1	0	40	0	
	2017	9	2	0	16	0	
	2017	10	1	0	66	0	
	2017	10	2	0	41	0	
	2017	11	1	0	76	0	
	2017	11	2	0	79	0	
	2017	12	1	0	79	0	
	2017	12	2	0	92	0	
	2017	13	1	0	88	0	
	2017	13	2	0	141	0	
	2017	14	1	2	93	0.02150538	
	2017	14	2	0	133	0	
	2017	15	1	0	65	0	
	2017	15	2	0	121	0	
	2017	16	1	1	35	0.02857143	
	2017	16	2	1	83	0.01204819	
	2017	17	1	1	16	0.0625	
	2017	17	2	1	38	0.02631579	
	2017	18	1	0	6	0	
	2017	18	2	3	16	0.1875	
	2017	19	2	2	3	0.6666667	
	2018	6	1	0	5	0	
	2018	6	2	0	1	0	
	2018	7	1	0	14	0	
	2018	7	2	0	1	0	
	2018	8	1	0	23	0	
	2018	8	2	0	10	0	
	2018	9	1	0	45	0	
	2018	9	2	0	19	0	
	2018	10	1	0	65	0	
	2018	10	2	0	41	0	
	2018	11	1	0	86	0	
	2018	11	2	0	81	0	
	2018	12	1	0	95	0	
	2018	12	2	0	107	0	
	2018	13	1	0	70	0	
	2018	13	2	0	136	0	
	2018	14	1	0	71	0	
	2018	14	2	0	135	0	
	2018	15	1	0	55	0	
	2018	15	2	0	137	0	
	2018	16	1	0	41	0	
	2018	16	2	0	78	0	
	2018	17	1	0	15	0	
	2018	17	2	2	29	0.06896552	
	2018	18	1	1	4	0.25	
	2018	18	2	0	7	0	
	2018	19	2	0	1	0	
	2019	6	1	0	3	0	
	2019	7	1	0	8	0	
	2019	7	2	0	5	0	
	2019	8	1	0	19	0	
	2019	8	2	0	10	0	
	2019	9	1	0	39	0	
	2019	9	2	0	14	0	
	2019	10	1	0	59	0	
	2019	10	2	0	39	0	
	2019	11	1	0	75	0	
	2019	11	2	0	75	0	
	2019	12	1	0	75	0	
	2019	12	2	0	92	0	
	2019	13	1	1	71	0.01408451	
	2019	13	2	0	108	0	
	2019	14	1	0	61	0	
	2019	14	2	0	146	0	
	2019	15	1	0	54	0	
	2019	15	2	0	120	0	
	2019	16	1	1	44	0.02272727	
	2019	16	2	0	79	0	
	2019	17	1	0	23	0	
	2019	17	2	1	21	0.04761905	
	2019	18	1	0	6	0	
	2019	18	2	0	7	0	
	2019	19	1	0	1	0	
	2019	19	2	0	2	0	
	2019	20	2	0	1	0	
