
	A7_08_M Minimalinvasive Implantation einer Aortenklappe, Mortalität // Implantation mini­invasive de valve aortique, mortalité // Applicazione minimamente invasiva di valvola aortica, mortalità
	BAG/OFSP/UFSP - CH-IQI Version V5-2 - Daten 2019 - 21. April 2021

	Jahr	AltEGrp	Sex	DeathCH	CasesCH	pCH	
	2011	1	1	0	1	0	
	2011	3	1	0	1	0	
	2011	3	2	0	1	0	
	2011	6	1	0	1	0	
	2011	7	1	0	1	0	
	2011	7	2	0	1	0	
	2011	11	1	0	2	0	
	2011	11	2	0	1	0	
	2011	12	1	0	3	0	
	2011	12	2	0	2	0	
	2011	13	1	1	12	0.08333333	
	2011	13	2	0	3	0	
	2011	14	1	0	7	0	
	2011	14	2	0	6	0	
	2011	15	1	0	19	0	
	2011	15	2	1	11	0.09090909	
	2011	16	1	4	47	0.08510638	
	2011	16	2	2	28	0.07142857	
	2011	17	1	6	77	0.07792208	
	2011	17	2	9	98	0.09183673	
	2011	18	1	2	66	0.03030303	
	2011	18	2	5	84	0.05952381	
	2011	19	1	2	8	0.25	
	2011	19	2	1	23	0.04347826	
	2011	20	2	0	2	0	
	2012	8	1	0	2	0	
	2012	9	2	0	1	0	
	2012	10	1	1	1	1	
	2012	11	1	0	5	0	
	2012	11	2	0	3	0	
	2012	12	1	0	2	0	
	2012	12	2	0	1	0	
	2012	13	1	0	3	0	
	2012	13	2	0	2	0	
	2012	14	1	0	19	0	
	2012	14	2	0	6	0	
	2012	15	1	2	26	0.07692308	
	2012	15	2	2	13	0.1538462	
	2012	16	1	2	76	0.02631579	
	2012	16	2	2	54	0.03703704	
	2012	17	1	5	109	0.04587156	
	2012	17	2	2	120	0.01666667	
	2012	18	1	6	83	0.07228916	
	2012	18	2	7	103	0.06796117	
	2012	19	1	1	15	0.06666667	
	2012	19	2	1	15	0.06666667	
	2012	20	1	0	1	0	
	2012	20	2	0	2	0	
	2013	6	1	0	1	0	
	2013	7	1	0	1	0	
	2013	8	2	0	1	0	
	2013	10	1	0	1	0	
	2013	11	1	1	5	0.2	
	2013	11	2	0	1	0	
	2013	12	1	0	2	0	
	2013	12	2	0	2	0	
	2013	13	1	0	2	0	
	2013	13	2	0	2	0	
	2013	14	1	1	9	0.1111111	
	2013	14	2	0	13	0	
	2013	15	1	3	36	0.08333333	
	2013	15	2	0	13	0	
	2013	16	1	8	98	0.08163265	
	2013	16	2	2	60	0.03333333	
	2013	17	1	10	141	0.07092199	
	2013	17	2	4	141	0.02836879	
	2013	18	1	4	81	0.04938272	
	2013	18	2	7	123	0.05691057	
	2013	19	1	4	26	0.1538462	
	2013	19	2	0	31	0	
	2013	20	1	0	1	0	
	2013	20	2	0	2	0	
	2014	1	1	0	1	0	
	2014	8	1	0	2	0	
	2014	9	1	0	2	0	
	2014	9	2	1	2	0.5	
	2014	10	1	0	2	0	
	2014	11	1	0	1	0	
	2014	11	2	0	2	0	
	2014	12	1	1	7	0.1428571	
	2014	12	2	0	1	0	
	2014	13	1	0	8	0	
	2014	13	2	0	7	0	
	2014	14	1	0	26	0	
	2014	14	2	0	16	0	
	2014	15	1	2	41	0.04878049	
	2014	15	2	1	36	0.02777778	
	2014	16	1	4	101	0.03960396	
	2014	16	2	1	85	0.01176471	
	2014	17	1	8	193	0.04145078	
	2014	17	2	8	179	0.04469274	
	2014	18	1	7	122	0.05737705	
	2014	18	2	9	169	0.05325444	
	2014	19	1	1	35	0.02857143	
	2014	19	2	1	46	0.02173913	
	2014	20	2	0	3	0	
	2015	6	1	0	1	0	
	2015	7	2	0	1	0	
	2015	10	1	0	4	0	
	2015	10	2	0	1	0	
	2015	11	1	0	2	0	
	2015	11	2	0	3	0	
	2015	12	1	0	6	0	
	2015	12	2	0	3	0	
	2015	13	1	0	12	0	
	2015	13	2	1	8	0.125	
	2015	14	1	2	30	0.06666667	
	2015	14	2	0	13	0	
	2015	15	1	3	52	0.05769231	
	2015	15	2	0	36	0	
	2015	16	1	1	167	0.005988024	
	2015	16	2	1	106	0.009433962	
	2015	17	1	4	233	0.01716738	
	2015	17	2	3	235	0.01276596	
	2015	18	1	9	149	0.06040268	
	2015	18	2	7	186	0.03763441	
	2015	19	1	3	46	0.06521739	
	2015	19	2	3	48	0.0625	
	2015	20	2	0	6	0	
	2016	4	1	0	1	0	
	2016	5	1	0	1	0	
	2016	8	1	0	1	0	
	2016	9	1	0	2	0	
	2016	10	1	0	2	0	
	2016	10	2	0	1	0	
	2016	11	1	0	3	0	
	2016	11	2	0	2	0	
	2016	12	1	0	15	0	
	2016	12	2	0	2	0	
	2016	13	1	0	24	0	
	2016	13	2	0	9	0	
	2016	14	1	2	27	0.07407407	
	2016	14	2	0	13	0	
	2016	15	1	1	83	0.01204819	
	2016	15	2	1	48	0.02083333	
	2016	16	1	3	162	0.01851852	
	2016	16	2	3	138	0.02173913	
	2016	17	1	8	281	0.02846975	
	2016	17	2	7	260	0.02692308	
	2016	18	1	5	180	0.02777778	
	2016	18	2	6	246	0.02439024	
	2016	19	1	2	40	0.05	
	2016	19	2	3	56	0.05357143	
	2016	20	1	0	3	0	
	2016	20	2	1	3	0.3333333	
	2017	9	1	0	1	0	
	2017	10	1	0	1	0	
	2017	11	1	0	4	0	
	2017	11	2	0	1	0	
	2017	12	1	1	8	0.125	
	2017	12	2	0	3	0	
	2017	13	1	1	14	0.07142857	
	2017	13	2	0	7	0	
	2017	14	1	0	28	0	
	2017	14	2	2	15	0.1333333	
	2017	15	1	1	76	0.01315789	
	2017	15	2	1	44	0.02272727	
	2017	16	1	5	177	0.02824859	
	2017	16	2	1	149	0.006711409	
	2017	17	1	7	276	0.02536232	
	2017	17	2	6	281	0.02135231	
	2017	18	1	6	172	0.03488372	
	2017	18	2	5	240	0.02083333	
	2017	19	1	2	37	0.05405405	
	2017	19	2	3	68	0.04411765	
	2017	20	1	1	8	0.125	
	2017	20	2	0	3	0	
	2018	8	1	0	1	0	
	2018	11	1	0	2	0	
	2018	11	2	0	1	0	
	2018	12	1	0	3	0	
	2018	12	2	0	1	0	
	2018	13	1	0	14	0	
	2018	13	2	0	6	0	
	2018	14	1	1	35	0.02857143	
	2018	14	2	0	18	0	
	2018	15	1	1	94	0.0106383	
	2018	15	2	3	78	0.03846154	
	2018	16	1	5	227	0.02202643	
	2018	16	2	3	156	0.01923077	
	2018	17	1	4	305	0.01311475	
	2018	17	2	6	286	0.02097902	
	2018	18	1	5	174	0.02873563	
	2018	18	2	11	235	0.04680851	
	2018	19	1	4	51	0.07843137	
	2018	19	2	4	63	0.06349206	
	2018	20	1	0	4	0	
	2018	20	2	1	7	0.1428571	
	2019	7	1	0	1	0	
	2019	9	2	0	1	0	
	2019	10	1	0	2	0	
	2019	11	1	0	5	0	
	2019	12	1	0	3	0	
	2019	12	2	0	4	0	
	2019	13	1	0	15	0	
	2019	13	2	0	5	0	
	2019	14	1	1	58	0.01724138	
	2019	14	2	0	15	0	
	2019	15	1	1	111	0.009009009	
	2019	15	2	2	81	0.02469136	
	2019	16	1	1	254	0.003937008	
	2019	16	2	2	182	0.01098901	
	2019	17	1	1	314	0.003184713	
	2019	17	2	5	272	0.01838235	
	2019	18	1	1	203	0.004926108	
	2019	18	2	6	245	0.0244898	
	2019	19	1	0	62	0	
	2019	19	2	0	70	0	
	2019	20	1	0	1	0	
	2019	20	2	2	11	0.1818182	
