
	I2_13_M Vertebroplastik/Kyphoplastik (ohne Tumor, komplexe Rekonstitutionen, Versteifung, Wirbelkörperersatz, Eingriffe an Bandscheiben), Mortalität // Vertébroplastie/kyphoplastie (sans tumeur, réparations complexes, fusion vertébrale, remplacement de corps vertébral, interventions aux disques intervertébraux), mortalité // Vertebroplastica/cifoplastica (senza tumore, ricostruzioni complesse, fusione spinale, sostituzione di vertebre o interventi ai dischi intervertebrali), mortalità
	BAG/OFSP/UFSP - CH-IQI Version V5-2 - Daten 2019 - 21. April 2021

	Jahr	AltEGrp	Sex	DeathCH	CasesCH	pCH	
	2011	4	2	0	2	0	
	2011	5	1	0	4	0	
	2011	5	2	0	1	0	
	2011	6	1	0	3	0	
	2011	6	2	0	3	0	
	2011	7	1	0	5	0	
	2011	7	2	0	3	0	
	2011	8	1	0	7	0	
	2011	8	2	0	3	0	
	2011	9	1	0	7	0	
	2011	9	2	1	6	0.1666667	
	2011	10	1	0	16	0	
	2011	10	2	0	12	0	
	2011	11	1	0	15	0	
	2011	11	2	0	20	0	
	2011	12	1	0	31	0	
	2011	12	2	0	41	0	
	2011	13	1	0	40	0	
	2011	13	2	0	66	0	
	2011	14	1	0	47	0	
	2011	14	2	0	102	0	
	2011	15	1	0	55	0	
	2011	15	2	0	153	0	
	2011	16	1	1	72	0.01388889	
	2011	16	2	0	225	0	
	2011	17	1	0	80	0	
	2011	17	2	0	230	0	
	2011	18	1	2	56	0.03571429	
	2011	18	2	0	144	0	
	2011	19	1	0	13	0	
	2011	19	2	0	38	0	
	2011	20	1	0	1	0	
	2011	20	2	0	4	0	
	2012	4	1	0	1	0	
	2012	4	2	0	1	0	
	2012	5	1	0	5	0	
	2012	5	2	0	1	0	
	2012	6	1	0	1	0	
	2012	6	2	0	4	0	
	2012	7	1	0	7	0	
	2012	7	2	0	6	0	
	2012	8	1	0	5	0	
	2012	8	2	0	1	0	
	2012	9	1	0	8	0	
	2012	9	2	0	2	0	
	2012	10	1	0	9	0	
	2012	10	2	0	6	0	
	2012	11	1	0	18	0	
	2012	11	2	0	24	0	
	2012	12	1	0	28	0	
	2012	12	2	0	35	0	
	2012	13	1	0	37	0	
	2012	13	2	1	57	0.01754386	
	2012	14	1	1	54	0.01851852	
	2012	14	2	1	90	0.01111111	
	2012	15	1	0	47	0	
	2012	15	2	1	139	0.007194245	
	2012	16	1	0	62	0	
	2012	16	2	1	237	0.004219409	
	2012	17	1	1	79	0.01265823	
	2012	17	2	1	232	0.004310345	
	2012	18	1	0	47	0	
	2012	18	2	0	155	0	
	2012	19	1	0	14	0	
	2012	19	2	0	44	0	
	2012	20	1	0	1	0	
	2012	20	2	0	9	0	
	2013	4	2	0	1	0	
	2013	5	1	0	3	0	
	2013	5	2	0	2	0	
	2013	6	1	0	8	0	
	2013	6	2	0	5	0	
	2013	7	1	0	5	0	
	2013	8	1	0	5	0	
	2013	8	2	0	3	0	
	2013	9	1	0	13	0	
	2013	9	2	0	6	0	
	2013	10	1	0	12	0	
	2013	10	2	0	12	0	
	2013	11	1	0	15	0	
	2013	11	2	0	16	0	
	2013	12	1	0	33	0	
	2013	12	2	0	52	0	
	2013	13	1	0	40	0	
	2013	13	2	0	77	0	
	2013	14	1	1	43	0.02325581	
	2013	14	2	0	134	0	
	2013	15	1	0	66	0	
	2013	15	2	0	175	0	
	2013	16	1	0	84	0	
	2013	16	2	1	266	0.003759398	
	2013	17	1	2	79	0.02531646	
	2013	17	2	1	285	0.003508772	
	2013	18	1	2	41	0.04878049	
	2013	18	2	1	171	0.005847953	
	2013	19	1	0	12	0	
	2013	19	2	1	46	0.02173913	
	2013	20	1	0	1	0	
	2013	20	2	0	2	0	
	2014	3	2	0	1	0	
	2014	4	1	0	2	0	
	2014	4	2	0	1	0	
	2014	5	1	0	1	0	
	2014	6	1	0	4	0	
	2014	6	2	0	1	0	
	2014	7	1	0	4	0	
	2014	7	2	0	3	0	
	2014	8	1	0	6	0	
	2014	8	2	0	1	0	
	2014	9	1	0	7	0	
	2014	9	2	0	3	0	
	2014	10	1	0	11	0	
	2014	10	2	0	8	0	
	2014	11	1	0	15	0	
	2014	11	2	0	23	0	
	2014	12	1	0	29	0	
	2014	12	2	0	44	0	
	2014	13	1	0	34	0	
	2014	13	2	0	75	0	
	2014	14	1	1	50	0.02	
	2014	14	2	0	97	0	
	2014	15	1	0	69	0	
	2014	15	2	0	184	0	
	2014	16	1	0	90	0	
	2014	16	2	1	295	0.003389831	
	2014	17	1	0	86	0	
	2014	17	2	3	297	0.01010101	
	2014	18	1	0	65	0	
	2014	18	2	1	195	0.005128205	
	2014	19	1	0	24	0	
	2014	19	2	1	40	0.025	
	2014	20	1	0	1	0	
	2014	20	2	0	6	0	
	2015	4	1	0	1	0	
	2015	5	1	0	4	0	
	2015	5	2	0	4	0	
	2015	6	2	0	5	0	
	2015	7	1	0	4	0	
	2015	8	1	0	5	0	
	2015	8	2	0	2	0	
	2015	9	1	0	13	0	
	2015	9	2	0	4	0	
	2015	10	1	0	16	0	
	2015	10	2	0	6	0	
	2015	11	1	0	20	0	
	2015	11	2	0	21	0	
	2015	12	1	0	28	0	
	2015	12	2	0	45	0	
	2015	13	1	0	37	0	
	2015	13	2	0	76	0	
	2015	14	1	0	45	0	
	2015	14	2	0	125	0	
	2015	15	1	2	79	0.02531646	
	2015	15	2	1	207	0.004830918	
	2015	16	1	0	88	0	
	2015	16	2	0	270	0	
	2015	17	1	0	100	0	
	2015	17	2	0	313	0	
	2015	18	1	1	59	0.01694915	
	2015	18	2	1	201	0.004975124	
	2015	19	1	0	8	0	
	2015	19	2	0	45	0	
	2015	20	2	0	12	0	
	2016	4	1	0	2	0	
	2016	4	2	0	1	0	
	2016	5	1	0	3	0	
	2016	5	2	0	4	0	
	2016	6	1	0	3	0	
	2016	6	2	0	3	0	
	2016	7	1	0	3	0	
	2016	7	2	0	1	0	
	2016	8	1	0	7	0	
	2016	8	2	0	4	0	
	2016	9	1	0	8	0	
	2016	9	2	0	7	0	
	2016	10	1	0	17	0	
	2016	10	2	0	12	0	
	2016	11	1	0	26	0	
	2016	11	2	0	31	0	
	2016	12	1	0	28	0	
	2016	12	2	0	56	0	
	2016	13	1	0	46	0	
	2016	13	2	0	98	0	
	2016	14	1	0	56	0	
	2016	14	2	0	132	0	
	2016	15	1	1	62	0.01612903	
	2016	15	2	0	205	0	
	2016	16	1	0	98	0	
	2016	16	2	2	296	0.006756757	
	2016	17	1	1	97	0.01030928	
	2016	17	2	0	315	0	
	2016	18	1	1	73	0.01369863	
	2016	18	2	0	241	0	
	2016	19	1	1	29	0.03448276	
	2016	19	2	2	66	0.03030303	
	2016	20	1	0	4	0	
	2016	20	2	0	7	0	
	2017	4	2	0	2	0	
	2017	5	1	0	2	0	
	2017	6	1	0	4	0	
	2017	6	2	0	4	0	
	2017	7	1	0	5	0	
	2017	7	2	0	5	0	
	2017	8	1	0	7	0	
	2017	8	2	0	2	0	
	2017	9	1	0	5	0	
	2017	9	2	0	5	0	
	2017	10	1	0	19	0	
	2017	10	2	0	10	0	
	2017	11	1	0	26	0	
	2017	11	2	0	23	0	
	2017	12	1	0	27	0	
	2017	12	2	0	57	0	
	2017	13	1	0	50	0	
	2017	13	2	0	92	0	
	2017	14	1	0	66	0	
	2017	14	2	0	148	0	
	2017	15	1	0	89	0	
	2017	15	2	0	211	0	
	2017	16	1	0	116	0	
	2017	16	2	1	362	0.002762431	
	2017	17	1	1	106	0.009433962	
	2017	17	2	0	342	0	
	2017	18	1	0	75	0	
	2017	18	2	1	242	0.004132231	
	2017	19	1	0	17	0	
	2017	19	2	1	81	0.01234568	
	2017	20	1	0	3	0	
	2017	20	2	0	9	0	
	2018	5	2	0	1	0	
	2018	6	1	0	4	0	
	2018	6	2	0	4	0	
	2018	7	1	0	3	0	
	2018	7	2	0	4	0	
	2018	8	1	0	11	0	
	2018	8	2	0	5	0	
	2018	9	1	0	11	0	
	2018	9	2	0	2	0	
	2018	10	1	0	13	0	
	2018	10	2	0	9	0	
	2018	11	1	0	21	0	
	2018	11	2	0	37	0	
	2018	12	1	0	42	0	
	2018	12	2	0	69	0	
	2018	13	1	0	38	0	
	2018	13	2	0	95	0	
	2018	14	1	0	65	0	
	2018	14	2	0	148	0	
	2018	15	1	0	97	0	
	2018	15	2	1	256	0.00390625	
	2018	16	1	0	133	0	
	2018	16	2	2	353	0.005665722	
	2018	17	1	1	113	0.008849558	
	2018	17	2	0	379	0	
	2018	18	1	0	63	0	
	2018	18	2	1	268	0.003731343	
	2018	19	1	0	27	0	
	2018	19	2	1	78	0.01282051	
	2018	20	1	0	2	0	
	2018	20	2	0	9	0	
	2019	4	1	0	2	0	
	2019	4	2	0	1	0	
	2019	5	1	0	3	0	
	2019	5	2	0	4	0	
	2019	6	1	0	3	0	
	2019	6	2	0	3	0	
	2019	7	1	0	5	0	
	2019	7	2	0	1	0	
	2019	8	1	0	8	0	
	2019	8	2	0	6	0	
	2019	9	1	0	15	0	
	2019	9	2	0	3	0	
	2019	10	1	0	17	0	
	2019	10	2	0	7	0	
	2019	11	1	0	30	0	
	2019	11	2	0	28	0	
	2019	12	1	0	36	0	
	2019	12	2	0	77	0	
	2019	13	1	0	38	0	
	2019	13	2	0	91	0	
	2019	14	1	0	55	0	
	2019	14	2	0	130	0	
	2019	15	1	0	78	0	
	2019	15	2	1	232	0.004310345	
	2019	16	1	1	116	0.00862069	
	2019	16	2	0	336	0	
	2019	17	1	0	108	0	
	2019	17	2	0	380	0	
	2019	18	1	1	81	0.01234568	
	2019	18	2	2	259	0.007722008	
	2019	19	1	0	21	0	
	2019	19	2	1	66	0.01515152	
	2019	20	1	0	2	0	
	2019	20	2	0	9	0	
