
	J1_06_M Beatmungsfälle >24 h, ohne OP (ohne Neugeborene), Mortalität // Cas de respiration artificielle >24 h, sans OP (à l'exclusion des nouveau­nés), mortalité // Casi di ventilazione meccanica >24 h, senza OP (neonati esclusi), mortalità
	BAG/OFSP/UFSP - CH-IQI Version V5-2 - Daten 2019 - 21. April 2021

	Jahr	AltEGrp	Sex	DeathCH	CasesCH	pCH	
	2009	1	1	5	110	0.04545455	
	2009	1	2	6	78	0.07692308	
	2009	2	1	2	22	0.09090909	
	2009	2	2	3	16	0.1875	
	2009	3	1	5	25	0.2	
	2009	3	2	7	18	0.3888889	
	2009	4	1	6	76	0.07894737	
	2009	4	2	3	28	0.1071429	
	2009	5	1	6	97	0.06185567	
	2009	5	2	5	33	0.1515152	
	2009	6	1	6	68	0.08823529	
	2009	6	2	5	40	0.125	
	2009	7	1	9	74	0.1216216	
	2009	7	2	6	44	0.1363636	
	2009	8	1	13	82	0.1585366	
	2009	8	2	7	74	0.09459459	
	2009	9	1	26	169	0.1538462	
	2009	9	2	16	83	0.1927711	
	2009	10	1	36	232	0.1551724	
	2009	10	2	24	119	0.2016807	
	2009	11	1	42	291	0.1443299	
	2009	11	2	50	166	0.3012048	
	2009	12	1	83	404	0.2054455	
	2009	12	2	37	191	0.1937173	
	2009	13	1	91	532	0.1710526	
	2009	13	2	63	249	0.253012	
	2009	14	1	145	552	0.2626812	
	2009	14	2	70	259	0.2702703	
	2009	15	1	151	548	0.2755474	
	2009	15	2	83	308	0.2694805	
	2009	16	1	160	548	0.2919708	
	2009	16	2	101	361	0.2797784	
	2009	17	1	113	316	0.3575949	
	2009	17	2	68	219	0.3105023	
	2009	18	1	51	124	0.4112903	
	2009	18	2	36	95	0.3789474	
	2009	19	1	6	10	0.6	
	2009	19	2	9	12	0.75	
	2009	20	1	1	1	1	
	2009	20	2	1	2	0.5	
	2010	1	1	3	82	0.03658537	
	2010	1	2	4	48	0.08333333	
	2010	2	1	1	15	0.06666667	
	2010	2	2	2	10	0.2	
	2010	3	1	2	14	0.1428571	
	2010	3	2	2	10	0.2	
	2010	4	1	1	23	0.04347826	
	2010	4	2	3	17	0.1764706	
	2010	5	1	4	28	0.1428571	
	2010	5	2	2	14	0.1428571	
	2010	6	1	2	32	0.0625	
	2010	6	2	3	29	0.1034483	
	2010	7	1	5	36	0.1388889	
	2010	7	2	9	29	0.3103448	
	2010	8	1	4	57	0.07017544	
	2010	8	2	6	31	0.1935484	
	2010	9	1	12	89	0.1348315	
	2010	9	2	6	48	0.125	
	2010	10	1	20	97	0.2061856	
	2010	10	2	16	75	0.2133333	
	2010	11	1	30	150	0.2	
	2010	11	2	17	96	0.1770833	
	2010	12	1	46	194	0.2371134	
	2010	12	2	16	90	0.1777778	
	2010	13	1	75	251	0.2988048	
	2010	13	2	35	145	0.2413793	
	2010	14	1	91	301	0.3023256	
	2010	14	2	52	178	0.2921348	
	2010	15	1	93	273	0.3406593	
	2010	15	2	67	202	0.3316832	
	2010	16	1	124	304	0.4078947	
	2010	16	2	74	202	0.3663366	
	2010	17	1	96	214	0.4485981	
	2010	17	2	62	145	0.4275862	
	2010	18	1	29	61	0.4754098	
	2010	18	2	27	64	0.421875	
	2010	19	1	4	9	0.4444444	
	2010	19	2	1	3	0.3333333	
	2010	20	1	1	2	0.5	
	2010	20	2	0	1	0	
	2011	1	1	7	105	0.06666667	
	2011	1	2	5	74	0.06756757	
	2011	2	1	1	22	0.04545455	
	2011	2	2	4	15	0.2666667	
	2011	3	1	2	22	0.09090909	
	2011	3	2	1	16	0.0625	
	2011	4	1	4	27	0.1481481	
	2011	4	2	3	30	0.1	
	2011	5	1	7	37	0.1891892	
	2011	5	2	3	29	0.1034483	
	2011	6	1	3	37	0.08108108	
	2011	6	2	6	23	0.2608696	
	2011	7	1	9	49	0.1836735	
	2011	7	2	1	22	0.04545455	
	2011	8	1	7	58	0.1206897	
	2011	8	2	3	33	0.09090909	
	2011	9	1	15	112	0.1339286	
	2011	9	2	11	53	0.2075472	
	2011	10	1	37	143	0.2587413	
	2011	10	2	16	74	0.2162162	
	2011	11	1	41	185	0.2216216	
	2011	11	2	14	88	0.1590909	
	2011	12	1	58	224	0.2589286	
	2011	12	2	33	143	0.2307692	
	2011	13	1	74	272	0.2720588	
	2011	13	2	51	167	0.3053892	
	2011	14	1	104	355	0.2929577	
	2011	14	2	58	185	0.3135135	
	2011	15	1	85	311	0.2733119	
	2011	15	2	72	221	0.3257919	
	2011	16	1	130	338	0.3846154	
	2011	16	2	71	183	0.3879781	
	2011	17	1	101	245	0.4122449	
	2011	17	2	69	190	0.3631579	
	2011	18	1	48	84	0.5714286	
	2011	18	2	24	81	0.2962963	
	2011	19	1	2	11	0.1818182	
	2011	19	2	3	8	0.375	
	2011	20	1	0	1	0	
	2012	1	1	3	92	0.0326087	
	2012	1	2	5	75	0.06666667	
	2012	2	1	1	15	0.06666667	
	2012	2	2	1	14	0.07142857	
	2012	3	1	3	22	0.1363636	
	2012	3	2	2	17	0.1176471	
	2012	4	1	3	22	0.1363636	
	2012	4	2	5	17	0.2941176	
	2012	5	1	4	40	0.1	
	2012	5	2	6	15	0.4	
	2012	6	1	8	39	0.2051282	
	2012	6	2	4	20	0.2	
	2012	7	1	7	42	0.1666667	
	2012	7	2	3	28	0.1071429	
	2012	8	1	6	59	0.1016949	
	2012	8	2	9	44	0.2045455	
	2012	9	1	12	89	0.1348315	
	2012	9	2	8	37	0.2162162	
	2012	10	1	28	130	0.2153846	
	2012	10	2	15	83	0.1807229	
	2012	11	1	42	162	0.2592593	
	2012	11	2	22	104	0.2115385	
	2012	12	1	54	214	0.2523364	
	2012	12	2	36	125	0.288	
	2012	13	1	90	305	0.295082	
	2012	13	2	54	183	0.295082	
	2012	14	1	118	381	0.3097113	
	2012	14	2	66	222	0.2972973	
	2012	15	1	120	354	0.3389831	
	2012	15	2	78	227	0.3436123	
	2012	16	1	145	390	0.3717949	
	2012	16	2	74	232	0.3189655	
	2012	17	1	131	247	0.5303644	
	2012	17	2	89	203	0.4384236	
	2012	18	1	45	99	0.4545455	
	2012	18	2	28	81	0.345679	
	2012	19	1	14	20	0.7	
	2012	19	2	6	17	0.3529412	
	2012	20	2	1	2	0.5	
	2013	1	1	9	87	0.1034483	
	2013	1	2	1	73	0.01369863	
	2013	2	1	3	22	0.1363636	
	2013	2	2	1	14	0.07142857	
	2013	3	1	2	18	0.1111111	
	2013	3	2	0	25	0	
	2013	4	1	5	35	0.1428571	
	2013	4	2	2	20	0.1	
	2013	5	1	4	42	0.0952381	
	2013	5	2	1	17	0.05882353	
	2013	6	1	4	41	0.09756098	
	2013	6	2	2	25	0.08	
	2013	7	1	7	49	0.1428571	
	2013	7	2	1	34	0.02941176	
	2013	8	1	4	61	0.06557377	
	2013	8	2	5	29	0.1724138	
	2013	9	1	22	116	0.1896552	
	2013	9	2	9	53	0.1698113	
	2013	10	1	37	145	0.2551724	
	2013	10	2	14	74	0.1891892	
	2013	11	1	50	167	0.2994012	
	2013	11	2	19	115	0.1652174	
	2013	12	1	67	243	0.2757202	
	2013	12	2	35	154	0.2272727	
	2013	13	1	86	316	0.2721519	
	2013	13	2	59	198	0.2979798	
	2013	14	1	130	422	0.3080569	
	2013	14	2	69	263	0.2623574	
	2013	15	1	149	408	0.3651961	
	2013	15	2	81	268	0.3022388	
	2013	16	1	158	400	0.395	
	2013	16	2	74	238	0.3109244	
	2013	17	1	122	279	0.437276	
	2013	17	2	86	220	0.3909091	
	2013	18	1	54	109	0.4954128	
	2013	18	2	53	119	0.4453782	
	2013	19	1	15	26	0.5769231	
	2013	19	2	8	23	0.3478261	
	2013	20	2	2	4	0.5	
	2014	1	1	10	132	0.07575758	
	2014	1	2	5	92	0.05434783	
	2014	2	1	0	8	0	
	2014	2	2	2	19	0.1052632	
	2014	3	1	2	21	0.0952381	
	2014	3	2	3	19	0.1578947	
	2014	4	1	1	32	0.03125	
	2014	4	2	1	18	0.05555556	
	2014	5	1	3	26	0.1153846	
	2014	5	2	5	16	0.3125	
	2014	6	1	7	42	0.1666667	
	2014	6	2	3	30	0.1	
	2014	7	1	9	53	0.1698113	
	2014	7	2	10	38	0.2631579	
	2014	8	1	12	58	0.2068966	
	2014	8	2	3	36	0.08333333	
	2014	9	1	20	89	0.2247191	
	2014	9	2	7	50	0.14	
	2014	10	1	20	137	0.1459854	
	2014	10	2	15	73	0.2054795	
	2014	11	1	31	159	0.1949686	
	2014	11	2	30	99	0.3030303	
	2014	12	1	53	235	0.2255319	
	2014	12	2	35	140	0.25	
	2014	13	1	88	343	0.2565598	
	2014	13	2	42	162	0.2592593	
	2014	14	1	120	434	0.2764977	
	2014	14	2	55	193	0.2849741	
	2014	15	1	140	426	0.3286385	
	2014	15	2	83	259	0.3204633	
	2014	16	1	146	390	0.374359	
	2014	16	2	75	256	0.2929688	
	2014	17	1	151	343	0.4402332	
	2014	17	2	83	231	0.3593074	
	2014	18	1	66	134	0.4925373	
	2014	18	2	51	132	0.3863636	
	2014	19	1	11	23	0.4782609	
	2014	19	2	14	24	0.5833333	
	2014	20	1	1	2	0.5	
	2014	20	2	3	3	1	
	2015	1	1	11	119	0.09243697	
	2015	1	2	2	102	0.01960784	
	2015	2	1	1	16	0.0625	
	2015	2	2	1	28	0.03571429	
	2015	3	1	2	15	0.1333333	
	2015	3	2	2	15	0.1333333	
	2015	4	1	3	22	0.1363636	
	2015	4	2	4	21	0.1904762	
	2015	5	1	1	26	0.03846154	
	2015	5	2	1	16	0.0625	
	2015	6	1	6	51	0.1176471	
	2015	6	2	2	18	0.1111111	
	2015	7	1	7	51	0.1372549	
	2015	7	2	2	26	0.07692308	
	2015	8	1	8	44	0.1818182	
	2015	8	2	10	25	0.4	
	2015	9	1	17	76	0.2236842	
	2015	9	2	9	52	0.1730769	
	2015	10	1	27	137	0.1970803	
	2015	10	2	15	63	0.2380952	
	2015	11	1	42	193	0.2176166	
	2015	11	2	28	117	0.2393162	
	2015	12	1	54	233	0.2317597	
	2015	12	2	19	117	0.1623932	
	2015	13	1	84	333	0.2522523	
	2015	13	2	39	171	0.2280702	
	2015	14	1	120	406	0.2955665	
	2015	14	2	71	256	0.2773438	
	2015	15	1	148	452	0.3274336	
	2015	15	2	75	261	0.2873563	
	2015	16	1	135	375	0.36	
	2015	16	2	81	226	0.3584071	
	2015	17	1	128	288	0.4444444	
	2015	17	2	86	233	0.3690987	
	2015	18	1	69	135	0.5111111	
	2015	18	2	42	92	0.4565217	
	2015	19	1	13	25	0.52	
	2015	19	2	6	18	0.3333333	
	2015	20	1	0	3	0	
	2015	20	2	1	1	1	
	2016	1	1	5	113	0.04424779	
	2016	1	2	5	81	0.0617284	
	2016	2	1	1	12	0.08333333	
	2016	2	2	2	11	0.1818182	
	2016	3	1	2	13	0.1538462	
	2016	3	2	0	12	0	
	2016	4	1	2	21	0.0952381	
	2016	4	2	1	23	0.04347826	
	2016	5	1	5	39	0.1282051	
	2016	5	2	0	26	0	
	2016	6	1	3	26	0.1153846	
	2016	6	2	3	30	0.1	
	2016	7	1	4	49	0.08163265	
	2016	7	2	8	29	0.2758621	
	2016	8	1	4	29	0.137931	
	2016	8	2	5	26	0.1923077	
	2016	9	1	16	81	0.1975309	
	2016	9	2	10	51	0.1960784	
	2016	10	1	26	131	0.1984733	
	2016	10	2	15	80	0.1875	
	2016	11	1	31	194	0.1597938	
	2016	11	2	20	104	0.1923077	
	2016	12	1	54	224	0.2410714	
	2016	12	2	35	139	0.2517986	
	2016	13	1	84	327	0.2568807	
	2016	13	2	56	187	0.2994652	
	2016	14	1	110	387	0.2842377	
	2016	14	2	51	213	0.2394366	
	2016	15	1	146	476	0.3067227	
	2016	15	2	84	261	0.3218391	
	2016	16	1	151	381	0.3963255	
	2016	16	2	93	261	0.3563218	
	2016	17	1	133	320	0.415625	
	2016	17	2	75	207	0.3623188	
	2016	18	1	62	123	0.504065	
	2016	18	2	60	122	0.4918033	
	2016	19	1	13	16	0.8125	
	2016	19	2	5	20	0.25	
	2016	20	1	2	3	0.6666667	
	2016	20	2	1	2	0.5	
	2017	1	1	9	149	0.06040268	
	2017	1	2	7	87	0.08045977	
	2017	2	1	1	19	0.05263158	
	2017	2	2	3	15	0.2	
	2017	3	1	0	17	0	
	2017	3	2	3	13	0.2307692	
	2017	4	1	3	34	0.08823529	
	2017	4	2	1	20	0.05	
	2017	5	1	0	15	0	
	2017	5	2	2	14	0.1428571	
	2017	6	1	7	52	0.1346154	
	2017	6	2	4	27	0.1481481	
	2017	7	1	6	46	0.1304348	
	2017	7	2	4	20	0.2	
	2017	8	1	5	45	0.1111111	
	2017	8	2	5	29	0.1724138	
	2017	9	1	14	85	0.1647059	
	2017	9	2	8	36	0.2222222	
	2017	10	1	30	126	0.2380952	
	2017	10	2	11	67	0.1641791	
	2017	11	1	39	185	0.2108108	
	2017	11	2	21	107	0.1962617	
	2017	12	1	56	232	0.2413793	
	2017	12	2	31	129	0.2403101	
	2017	13	1	88	316	0.278481	
	2017	13	2	45	175	0.2571429	
	2017	14	1	116	401	0.2892768	
	2017	14	2	64	230	0.2782609	
	2017	15	1	160	436	0.3669725	
	2017	15	2	92	297	0.3097643	
	2017	16	1	173	435	0.3977011	
	2017	16	2	74	264	0.280303	
	2017	17	1	143	324	0.441358	
	2017	17	2	79	211	0.3744076	
	2017	18	1	76	138	0.5507246	
	2017	18	2	46	110	0.4181818	
	2017	19	1	13	23	0.5652174	
	2017	19	2	9	21	0.4285714	
	2017	20	1	1	2	0.5	
	2017	20	2	0	2	0	
	2018	1	1	8	169	0.04733728	
	2018	1	2	7	115	0.06086957	
	2018	2	1	0	23	0	
	2018	2	2	1	21	0.04761905	
	2018	3	1	3	18	0.1666667	
	2018	3	2	1	19	0.05263158	
	2018	4	1	3	27	0.1111111	
	2018	4	2	3	30	0.1	
	2018	5	1	3	45	0.06666667	
	2018	5	2	4	19	0.2105263	
	2018	6	1	8	43	0.1860465	
	2018	6	2	4	30	0.1333333	
	2018	7	1	5	64	0.078125	
	2018	7	2	5	37	0.1351351	
	2018	8	1	11	68	0.1617647	
	2018	8	2	8	45	0.1777778	
	2018	9	1	17	83	0.2048193	
	2018	9	2	4	43	0.09302326	
	2018	10	1	24	145	0.1655172	
	2018	10	2	16	85	0.1882353	
	2018	11	1	44	207	0.2125604	
	2018	11	2	29	115	0.2521739	
	2018	12	1	61	260	0.2346154	
	2018	12	2	40	157	0.2547771	
	2018	13	1	104	344	0.3023256	
	2018	13	2	42	199	0.2110553	
	2018	14	1	115	371	0.309973	
	2018	14	2	73	269	0.2713755	
	2018	15	1	148	444	0.3333333	
	2018	15	2	94	309	0.3042071	
	2018	16	1	169	416	0.40625	
	2018	16	2	98	274	0.3576642	
	2018	17	1	156	358	0.4357542	
	2018	17	2	78	221	0.3529412	
	2018	18	1	60	148	0.4054054	
	2018	18	2	53	122	0.4344262	
	2018	19	1	20	32	0.625	
	2018	19	2	16	30	0.5333333	
	2018	20	1	1	2	0.5	
	2018	20	2	0	1	0	
	2019	1	1	4	136	0.02941176	
	2019	1	2	4	117	0.03418803	
	2019	2	1	3	32	0.09375	
	2019	2	2	0	28	0	
	2019	3	1	0	14	0	
	2019	3	2	4	19	0.2105263	
	2019	4	1	2	26	0.07692308	
	2019	4	2	2	24	0.08333333	
	2019	5	1	3	26	0.1153846	
	2019	5	2	4	14	0.2857143	
	2019	6	1	3	25	0.12	
	2019	6	2	6	21	0.2857143	
	2019	7	1	2	37	0.05405405	
	2019	7	2	5	24	0.2083333	
	2019	8	1	11	57	0.1929825	
	2019	8	2	9	45	0.2	
	2019	9	1	7	75	0.09333333	
	2019	9	2	8	38	0.2105263	
	2019	10	1	27	111	0.2432432	
	2019	10	2	5	60	0.08333333	
	2019	11	1	39	204	0.1911765	
	2019	11	2	24	101	0.2376238	
	2019	12	1	56	270	0.2074074	
	2019	12	2	35	143	0.2447552	
	2019	13	1	86	319	0.2695925	
	2019	13	2	43	176	0.2443182	
	2019	14	1	107	415	0.2578313	
	2019	14	2	57	238	0.2394958	
	2019	15	1	149	491	0.3034623	
	2019	15	2	106	324	0.3271605	
	2019	16	1	174	445	0.3910112	
	2019	16	2	86	298	0.2885906	
	2019	17	1	138	327	0.4220183	
	2019	17	2	83	217	0.3824885	
	2019	18	1	74	146	0.5068493	
	2019	18	2	56	138	0.4057971	
	2019	19	1	21	43	0.4883721	
	2019	19	2	7	20	0.35	
	2019	20	1	0	1	0	
	2019	20	2	2	3	0.6666667	
