
	I1_15_M Knie­Endoprothesen­Erstimplantation bei Gonarthrose und chronischer Arthritis, Mortalität // Première implantation d'endoprothèse de genou en cas de gonarthrose et arthrite chronique, mortalité // Prima applicazione dell'endoprotesi del ginocchio in caso di gonartrosi e artrite cronica, mortalità
	BAG/OFSP/UFSP - CH-IQI Version V5-2 - Daten 2019 - 21. April 2021

	Jahr	AltEGrp	Sex	DeathCH	CasesCH	pCH	
	2011	7	2	0	1	0	
	2011	8	1	0	5	0	
	2011	8	2	0	2	0	
	2011	9	1	0	14	0	
	2011	9	2	0	28	0	
	2011	10	1	0	38	0	
	2011	10	2	0	84	0	
	2011	11	1	0	119	0	
	2011	11	2	0	202	0	
	2011	12	1	0	248	0	
	2011	12	2	0	400	0	
	2011	13	1	0	514	0	
	2011	13	2	0	695	0	
	2011	14	1	0	581	0	
	2011	14	2	1	901	0.001109878	
	2011	15	1	1	590	0.001694915	
	2011	15	2	0	953	0	
	2011	16	1	0	471	0	
	2011	16	2	2	1017	0.001966568	
	2011	17	1	0	280	0	
	2011	17	2	0	632	0	
	2011	18	1	0	79	0	
	2011	18	2	2	201	0.009950249	
	2011	19	1	0	11	0	
	2011	19	2	0	30	0	
	2011	20	2	0	1	0	
	2012	8	1	0	1	0	
	2012	9	1	0	14	0	
	2012	9	2	0	12	0	
	2012	10	1	0	40	0	
	2012	10	2	0	74	0	
	2012	11	1	0	106	0	
	2012	11	2	0	170	0	
	2012	12	1	0	242	0	
	2012	12	2	0	338	0	
	2012	13	1	0	450	0	
	2012	13	2	0	630	0	
	2012	14	1	0	546	0	
	2012	14	2	1	769	0.00130039	
	2012	15	1	1	504	0.001984127	
	2012	15	2	1	938	0.001066098	
	2012	16	1	1	424	0.002358491	
	2012	16	2	0	843	0	
	2012	17	1	0	251	0	
	2012	17	2	2	599	0.003338898	
	2012	18	1	1	67	0.01492537	
	2012	18	2	0	188	0	
	2012	19	1	0	6	0	
	2012	19	2	0	18	0	
	2012	20	2	0	1	0	
	2013	7	2	0	2	0	
	2013	8	1	0	1	0	
	2013	8	2	0	4	0	
	2013	9	1	0	10	0	
	2013	9	2	0	13	0	
	2013	10	1	0	31	0	
	2013	10	2	0	62	0	
	2013	11	1	0	95	0	
	2013	11	2	0	175	0	
	2013	12	1	0	225	0	
	2013	12	2	0	309	0	
	2013	13	1	0	449	0	
	2013	13	2	0	603	0	
	2013	14	1	0	525	0	
	2013	14	2	0	777	0	
	2013	15	1	0	495	0	
	2013	15	2	1	851	0.001175088	
	2013	16	1	0	356	0	
	2013	16	2	0	820	0	
	2013	17	1	1	217	0.004608295	
	2013	17	2	0	542	0	
	2013	18	1	0	70	0	
	2013	18	2	0	183	0	
	2013	19	1	0	11	0	
	2013	19	2	0	20	0	
	2013	20	2	0	1	0	
	2014	7	1	0	2	0	
	2014	7	2	0	2	0	
	2014	8	2	0	1	0	
	2014	9	1	0	9	0	
	2014	9	2	0	11	0	
	2014	10	1	0	28	0	
	2014	10	2	0	52	0	
	2014	11	1	0	69	0	
	2014	11	2	0	148	0	
	2014	12	1	0	222	0	
	2014	12	2	0	307	0	
	2014	13	1	0	349	0	
	2014	13	2	0	453	0	
	2014	14	1	0	419	0	
	2014	14	2	0	580	0	
	2014	15	1	1	393	0.002544529	
	2014	15	2	0	700	0	
	2014	16	1	0	323	0	
	2014	16	2	0	616	0	
	2014	17	1	0	165	0	
	2014	17	2	0	439	0	
	2014	18	1	0	53	0	
	2014	18	2	0	129	0	
	2014	19	1	0	10	0	
	2014	19	2	0	15	0	
	2014	20	2	0	1	0	
	2015	5	2	0	1	0	
	2015	6	2	0	1	0	
	2015	7	1	0	1	0	
	2015	7	2	0	1	0	
	2015	8	1	0	7	0	
	2015	8	2	0	12	0	
	2015	9	1	0	30	0	
	2015	9	2	0	48	0	
	2015	10	1	0	120	0	
	2015	10	2	0	185	0	
	2015	11	1	0	290	0	
	2015	11	2	0	573	0	
	2015	12	1	0	660	0	
	2015	12	2	0	945	0	
	2015	13	1	0	1052	0	
	2015	13	2	0	1258	0	
	2015	14	1	1	1124	0.0008896797	
	2015	14	2	0	1717	0	
	2015	15	1	0	1208	0	
	2015	15	2	0	1919	0	
	2015	16	1	1	907	0.001102536	
	2015	16	2	1	1617	0.0006184292	
	2015	17	1	0	494	0	
	2015	17	2	2	1067	0.001874414	
	2015	18	1	0	140	0	
	2015	18	2	1	369	0.002710027	
	2015	19	1	0	15	0	
	2015	19	2	1	39	0.02564103	
	2015	20	1	0	1	0	
	2015	20	2	0	3	0	
	2016	5	1	0	1	0	
	2016	7	1	0	2	0	
	2016	7	2	0	3	0	
	2016	8	1	0	5	0	
	2016	8	2	0	14	0	
	2016	9	1	0	45	0	
	2016	9	2	0	43	0	
	2016	10	1	0	120	0	
	2016	10	2	0	218	0	
	2016	11	1	0	378	0	
	2016	11	2	1	576	0.001736111	
	2016	12	1	0	765	0	
	2016	12	2	0	924	0	
	2016	13	1	0	1149	0	
	2016	13	2	0	1426	0	
	2016	14	1	0	1212	0	
	2016	14	2	1	1835	0.0005449591	
	2016	15	1	1	1260	0.0007936508	
	2016	15	2	0	2040	0	
	2016	16	1	1	965	0.001036269	
	2016	16	2	0	1784	0	
	2016	17	1	0	536	0	
	2016	17	2	0	1098	0	
	2016	18	1	0	163	0	
	2016	18	2	0	348	0	
	2016	19	1	0	18	0	
	2016	19	2	0	36	0	
	2016	20	1	0	1	0	
	2016	20	2	0	1	0	
	2017	6	2	0	2	0	
	2017	7	1	0	2	0	
	2017	8	1	0	12	0	
	2017	8	2	0	14	0	
	2017	9	1	0	29	0	
	2017	9	2	0	40	0	
	2017	10	1	0	102	0	
	2017	10	2	0	193	0	
	2017	11	1	0	346	0	
	2017	11	2	0	596	0	
	2017	12	1	0	725	0	
	2017	12	2	0	932	0	
	2017	13	1	0	1188	0	
	2017	13	2	0	1386	0	
	2017	14	1	0	1202	0	
	2017	14	2	0	1757	0	
	2017	15	1	1	1335	0.0007490637	
	2017	15	2	0	1993	0	
	2017	16	1	0	919	0	
	2017	16	2	0	1694	0	
	2017	17	1	0	522	0	
	2017	17	2	2	1017	0.001966568	
	2017	18	1	0	160	0	
	2017	18	2	1	367	0.002724796	
	2017	19	1	0	17	0	
	2017	19	2	0	47	0	
	2018	1	2	0	1	0	
	2018	7	2	0	1	0	
	2018	8	1	0	12	0	
	2018	8	2	0	9	0	
	2018	9	1	0	24	0	
	2018	9	2	0	40	0	
	2018	10	1	0	131	0	
	2018	10	2	0	193	0	
	2018	11	1	0	338	0	
	2018	11	2	0	549	0	
	2018	12	1	0	752	0	
	2018	12	2	0	1001	0	
	2018	13	1	0	1123	0	
	2018	13	2	0	1311	0	
	2018	14	1	0	1189	0	
	2018	14	2	0	1644	0	
	2018	15	1	1	1256	0.0007961783	
	2018	15	2	0	1949	0	
	2018	16	1	1	991	0.001009082	
	2018	16	2	0	1671	0	
	2018	17	1	1	524	0.001908397	
	2018	17	2	0	991	0	
	2018	18	1	0	191	0	
	2018	18	2	2	380	0.005263158	
	2018	19	1	1	26	0.03846154	
	2018	19	2	0	61	0	
	2018	20	1	0	1	0	
	2019	6	2	0	1	0	
	2019	7	1	0	2	0	
	2019	7	2	0	2	0	
	2019	8	1	0	13	0	
	2019	8	2	0	15	0	
	2019	9	1	0	25	0	
	2019	9	2	0	51	0	
	2019	10	1	0	104	0	
	2019	10	2	0	183	0	
	2019	11	1	0	371	0	
	2019	11	2	0	552	0	
	2019	12	1	0	720	0	
	2019	12	2	0	989	0	
	2019	13	1	0	1187	0	
	2019	13	2	0	1376	0	
	2019	14	1	0	1239	0	
	2019	14	2	0	1661	0	
	2019	15	1	0	1427	0	
	2019	15	2	1	2018	0.0004955401	
	2019	16	1	0	1160	0	
	2019	16	2	0	1832	0	
	2019	17	1	1	553	0.001808318	
	2019	17	2	1	1117	0.0008952551	
	2019	18	1	0	192	0	
	2019	18	2	0	441	0	
	2019	19	1	0	20	0	
	2019	19	2	0	51	0	
	2019	20	1	0	1	0	
	2019	20	2	0	2	0	
