
	F4_02_M Amputation untere Extremität, kein Trauma, Mortalität // Amputation non traumatique de membre inférieur, mortalité // Amputazione non traumatica delle estremità inferiori, mortalità
	BAG/OFSP/UFSP - CH-IQI Version V5-2 - Daten 2019 - 21. April 2021

	Jahr	AltEGrp	Sex	DeathCH	CasesCH	pCH	
	2008	1	1	0	2	0	
	2008	2	1	0	1	0	
	2008	3	1	0	1	0	
	2008	3	2	0	2	0	
	2008	4	1	0	2	0	
	2008	5	2	0	1	0	
	2008	6	1	0	1	0	
	2008	7	2	0	1	0	
	2008	8	1	0	4	0	
	2008	8	2	0	2	0	
	2008	9	1	0	4	0	
	2008	9	2	0	3	0	
	2008	10	1	0	7	0	
	2008	10	2	0	6	0	
	2008	11	1	0	10	0	
	2008	11	2	0	2	0	
	2008	12	1	4	32	0.125	
	2008	12	2	1	11	0.09090909	
	2008	13	1	3	42	0.07142857	
	2008	13	2	2	10	0.2	
	2008	14	1	5	38	0.1315789	
	2008	14	2	1	21	0.04761905	
	2008	15	1	4	62	0.06451613	
	2008	15	2	3	24	0.125	
	2008	16	1	10	67	0.1492537	
	2008	16	2	4	27	0.1481481	
	2008	17	1	6	54	0.1111111	
	2008	17	2	8	40	0.2	
	2008	18	1	4	30	0.1333333	
	2008	18	2	10	52	0.1923077	
	2008	19	1	5	17	0.2941176	
	2008	19	2	3	17	0.1764706	
	2008	20	1	0	1	0	
	2008	20	2	1	2	0.5	
	2009	1	2	0	1	0	
	2009	2	1	0	1	0	
	2009	3	2	1	1	1	
	2009	4	1	0	2	0	
	2009	4	2	0	1	0	
	2009	5	1	0	2	0	
	2009	7	2	0	3	0	
	2009	8	1	0	3	0	
	2009	8	2	0	1	0	
	2009	9	1	0	5	0	
	2009	9	2	0	5	0	
	2009	10	1	0	5	0	
	2009	10	2	0	3	0	
	2009	11	1	1	11	0.09090909	
	2009	11	2	1	2	0.5	
	2009	12	1	4	20	0.2	
	2009	12	2	1	5	0.2	
	2009	13	1	3	43	0.06976744	
	2009	13	2	1	12	0.08333333	
	2009	14	1	9	51	0.1764706	
	2009	14	2	3	18	0.1666667	
	2009	15	1	6	62	0.09677419	
	2009	15	2	2	29	0.06896552	
	2009	16	1	8	58	0.137931	
	2009	16	2	2	26	0.07692308	
	2009	17	1	8	59	0.1355932	
	2009	17	2	2	37	0.05405405	
	2009	18	1	4	40	0.1	
	2009	18	2	11	35	0.3142857	
	2009	19	1	3	6	0.5	
	2009	19	2	3	17	0.1764706	
	2009	20	2	1	4	0.25	
	2010	1	1	0	1	0	
	2010	4	1	0	2	0	
	2010	5	1	0	1	0	
	2010	5	2	0	2	0	
	2010	6	1	0	1	0	
	2010	7	1	0	1	0	
	2010	8	1	0	4	0	
	2010	8	2	0	1	0	
	2010	9	1	1	8	0.125	
	2010	9	2	0	6	0	
	2010	10	1	0	6	0	
	2010	10	2	1	3	0.3333333	
	2010	11	1	0	5	0	
	2010	11	2	0	5	0	
	2010	12	1	4	27	0.1481481	
	2010	12	2	0	5	0	
	2010	13	1	5	67	0.07462687	
	2010	13	2	1	10	0.1	
	2010	14	1	5	50	0.1	
	2010	14	2	3	24	0.125	
	2010	15	1	8	52	0.1538462	
	2010	15	2	2	18	0.1111111	
	2010	16	1	8	59	0.1355932	
	2010	16	2	4	18	0.2222222	
	2010	17	1	16	59	0.2711864	
	2010	17	2	5	34	0.1470588	
	2010	18	1	3	30	0.1	
	2010	18	2	3	21	0.1428571	
	2010	19	1	2	10	0.2	
	2010	19	2	3	13	0.2307692	
	2010	20	1	1	2	0.5	
	2010	20	2	1	3	0.3333333	
	2011	1	1	0	1	0	
	2011	4	1	0	1	0	
	2011	4	2	0	2	0	
	2011	5	1	0	3	0	
	2011	6	1	0	2	0	
	2011	7	1	0	2	0	
	2011	7	2	0	1	0	
	2011	8	1	0	1	0	
	2011	8	2	0	1	0	
	2011	9	1	0	4	0	
	2011	9	2	0	2	0	
	2011	10	1	0	7	0	
	2011	10	2	0	6	0	
	2011	11	1	1	8	0.125	
	2011	11	2	1	6	0.1666667	
	2011	12	1	1	20	0.05	
	2011	12	2	0	4	0	
	2011	13	1	4	42	0.0952381	
	2011	13	2	0	11	0	
	2011	14	1	7	41	0.1707317	
	2011	14	2	3	23	0.1304348	
	2011	15	1	4	42	0.0952381	
	2011	15	2	4	19	0.2105263	
	2011	16	1	14	59	0.2372881	
	2011	16	2	4	29	0.137931	
	2011	17	1	6	46	0.1304348	
	2011	17	2	4	24	0.1666667	
	2011	18	1	4	35	0.1142857	
	2011	18	2	6	28	0.2142857	
	2011	19	1	1	7	0.1428571	
	2011	19	2	0	14	0	
	2011	20	1	0	2	0	
	2011	20	2	1	3	0.3333333	
	2012	2	1	0	1	0	
	2012	3	2	0	1	0	
	2012	4	1	0	1	0	
	2012	4	2	0	1	0	
	2012	5	1	0	5	0	
	2012	6	1	0	2	0	
	2012	7	1	0	1	0	
	2012	8	1	0	2	0	
	2012	8	2	0	2	0	
	2012	9	1	0	3	0	
	2012	9	2	1	5	0.2	
	2012	10	1	0	7	0	
	2012	10	2	0	1	0	
	2012	11	1	1	24	0.04166667	
	2012	11	2	1	12	0.08333333	
	2012	12	1	2	20	0.1	
	2012	12	2	0	12	0	
	2012	13	1	3	41	0.07317073	
	2012	13	2	1	17	0.05882353	
	2012	14	1	7	48	0.1458333	
	2012	14	2	2	19	0.1052632	
	2012	15	1	7	67	0.1044776	
	2012	15	2	2	20	0.1	
	2012	16	1	6	42	0.1428571	
	2012	16	2	4	38	0.1052632	
	2012	17	1	7	48	0.1458333	
	2012	17	2	5	22	0.2272727	
	2012	18	1	6	28	0.2142857	
	2012	18	2	2	35	0.05714286	
	2012	19	1	1	4	0.25	
	2012	19	2	0	8	0	
	2012	20	1	1	2	0.5	
	2012	20	2	1	5	0.2	
	2013	3	1	0	3	0	
	2013	4	2	0	2	0	
	2013	5	1	0	2	0	
	2013	5	2	0	1	0	
	2013	6	1	0	1	0	
	2013	7	1	0	1	0	
	2013	7	2	0	2	0	
	2013	8	1	0	3	0	
	2013	8	2	0	1	0	
	2013	9	1	0	4	0	
	2013	9	2	0	2	0	
	2013	10	1	2	7	0.2857143	
	2013	10	2	1	6	0.1666667	
	2013	11	1	1	7	0.1428571	
	2013	11	2	0	2	0	
	2013	12	1	1	21	0.04761905	
	2013	12	2	1	10	0.1	
	2013	13	1	1	27	0.03703704	
	2013	13	2	1	9	0.1111111	
	2013	14	1	5	47	0.106383	
	2013	14	2	2	15	0.1333333	
	2013	15	1	8	47	0.1702128	
	2013	15	2	2	19	0.1052632	
	2013	16	1	11	59	0.1864407	
	2013	16	2	3	26	0.1153846	
	2013	17	1	10	55	0.1818182	
	2013	17	2	4	33	0.1212121	
	2013	18	1	4	19	0.2105263	
	2013	18	2	3	21	0.1428571	
	2013	19	1	4	10	0.4	
	2013	19	2	0	10	0	
	2013	20	1	0	1	0	
	2013	20	2	0	3	0	
	2014	1	1	0	1	0	
	2014	2	1	0	1	0	
	2014	3	1	0	1	0	
	2014	4	1	0	4	0	
	2014	4	2	0	1	0	
	2014	7	1	1	4	0.25	
	2014	7	2	0	3	0	
	2014	8	1	0	1	0	
	2014	8	2	1	1	1	
	2014	9	1	1	6	0.1666667	
	2014	9	2	0	4	0	
	2014	10	1	0	12	0	
	2014	10	2	0	5	0	
	2014	11	1	0	14	0	
	2014	11	2	1	4	0.25	
	2014	12	1	2	22	0.09090909	
	2014	12	2	1	10	0.1	
	2014	13	1	3	28	0.1071429	
	2014	13	2	1	5	0.2	
	2014	14	1	5	42	0.1190476	
	2014	14	2	0	17	0	
	2014	15	1	7	46	0.1521739	
	2014	15	2	3	12	0.25	
	2014	16	1	11	66	0.1666667	
	2014	16	2	3	24	0.125	
	2014	17	1	7	42	0.1666667	
	2014	17	2	2	15	0.1333333	
	2014	18	1	4	18	0.2222222	
	2014	18	2	4	17	0.2352941	
	2014	19	1	1	9	0.1111111	
	2014	19	2	1	10	0.1	
	2014	20	1	0	2	0	
	2014	20	2	0	1	0	
	2015	1	1	0	2	0	
	2015	3	1	0	1	0	
	2015	3	2	0	1	0	
	2015	4	1	0	1	0	
	2015	5	1	0	1	0	
	2015	6	2	0	1	0	
	2015	8	1	0	3	0	
	2015	8	2	0	1	0	
	2015	9	1	0	3	0	
	2015	9	2	0	1	0	
	2015	10	1	0	5	0	
	2015	10	2	0	6	0	
	2015	11	1	1	11	0.09090909	
	2015	11	2	0	8	0	
	2015	12	1	3	26	0.1153846	
	2015	12	2	1	4	0.25	
	2015	13	1	0	36	0	
	2015	13	2	0	11	0	
	2015	14	1	6	41	0.1463415	
	2015	14	2	0	10	0	
	2015	15	1	11	60	0.1833333	
	2015	15	2	3	21	0.1428571	
	2015	16	1	5	46	0.1086957	
	2015	16	2	7	28	0.25	
	2015	17	1	4	47	0.08510638	
	2015	17	2	3	23	0.1304348	
	2015	18	1	5	28	0.1785714	
	2015	18	2	3	28	0.1071429	
	2015	19	1	3	9	0.3333333	
	2015	19	2	1	15	0.06666667	
	2015	20	1	0	3	0	
	2015	20	2	0	2	0	
	2016	2	1	0	1	0	
	2016	3	2	0	1	0	
	2016	5	1	0	1	0	
	2016	6	1	0	1	0	
	2016	7	1	0	1	0	
	2016	8	1	1	2	0.5	
	2016	9	1	0	2	0	
	2016	9	2	0	2	0	
	2016	10	1	1	9	0.1111111	
	2016	10	2	0	1	0	
	2016	11	1	3	15	0.2	
	2016	11	2	0	2	0	
	2016	12	1	2	27	0.07407407	
	2016	12	2	0	5	0	
	2016	13	1	5	36	0.1388889	
	2016	13	2	0	8	0	
	2016	14	1	2	51	0.03921569	
	2016	14	2	2	13	0.1538462	
	2016	15	1	6	55	0.1090909	
	2016	15	2	1	10	0.1	
	2016	16	1	10	58	0.1724138	
	2016	16	2	3	14	0.2142857	
	2016	17	1	7	44	0.1590909	
	2016	17	2	4	30	0.1333333	
	2016	18	1	2	21	0.0952381	
	2016	18	2	5	21	0.2380952	
	2016	19	1	1	6	0.1666667	
	2016	19	2	0	10	0	
	2016	20	1	1	3	0.3333333	
	2016	20	2	0	4	0	
	2017	1	2	0	2	0	
	2017	3	2	1	2	0.5	
	2017	4	2	1	1	1	
	2017	5	1	0	3	0	
	2017	6	2	0	2	0	
	2017	7	1	0	2	0	
	2017	7	2	0	1	0	
	2017	8	1	0	1	0	
	2017	9	1	0	2	0	
	2017	10	1	0	11	0	
	2017	11	1	0	12	0	
	2017	11	2	0	5	0	
	2017	12	1	2	25	0.08	
	2017	12	2	1	14	0.07142857	
	2017	13	1	2	45	0.04444444	
	2017	13	2	1	9	0.1111111	
	2017	14	1	5	50	0.1	
	2017	14	2	1	9	0.1111111	
	2017	15	1	6	58	0.1034483	
	2017	15	2	2	17	0.1176471	
	2017	16	1	7	62	0.1129032	
	2017	16	2	2	19	0.1052632	
	2017	17	1	8	43	0.1860465	
	2017	17	2	2	23	0.08695652	
	2017	18	1	5	22	0.2272727	
	2017	18	2	3	20	0.15	
	2017	19	1	4	16	0.25	
	2017	19	2	2	12	0.1666667	
	2017	20	1	0	1	0	
	2017	20	2	0	3	0	
	2018	1	1	0	1	0	
	2018	2	2	0	1	0	
	2018	3	1	0	1	0	
	2018	3	2	0	1	0	
	2018	5	1	0	1	0	
	2018	5	2	0	1	0	
	2018	6	1	0	2	0	
	2018	6	2	0	1	0	
	2018	7	2	0	2	0	
	2018	8	1	0	2	0	
	2018	8	2	0	1	0	
	2018	9	1	1	6	0.1666667	
	2018	10	1	0	10	0	
	2018	10	2	1	5	0.2	
	2018	11	1	0	20	0	
	2018	11	2	1	5	0.2	
	2018	12	1	3	28	0.1071429	
	2018	12	2	2	6	0.3333333	
	2018	13	1	3	38	0.07894737	
	2018	13	2	2	9	0.2222222	
	2018	14	1	7	55	0.1272727	
	2018	14	2	0	8	0	
	2018	15	1	4	59	0.06779661	
	2018	15	2	3	10	0.3	
	2018	16	1	5	51	0.09803922	
	2018	16	2	3	24	0.125	
	2018	17	1	4	32	0.125	
	2018	17	2	2	19	0.1052632	
	2018	18	1	5	27	0.1851852	
	2018	18	2	1	20	0.05	
	2018	19	1	2	7	0.2857143	
	2018	19	2	0	5	0	
	2018	20	1	0	1	0	
	2018	20	2	0	1	0	
	2019	3	1	0	1	0	
	2019	4	2	0	1	0	
	2019	5	1	0	1	0	
	2019	5	2	0	2	0	
	2019	6	1	0	3	0	
	2019	7	1	0	3	0	
	2019	8	1	0	1	0	
	2019	9	1	0	3	0	
	2019	9	2	0	3	0	
	2019	10	1	0	10	0	
	2019	10	2	0	3	0	
	2019	11	1	0	13	0	
	2019	11	2	0	7	0	
	2019	12	1	2	18	0.1111111	
	2019	12	2	0	7	0	
	2019	13	1	2	39	0.05128205	
	2019	13	2	0	11	0	
	2019	14	1	5	42	0.1190476	
	2019	14	2	1	10	0.1	
	2019	15	1	5	68	0.07352941	
	2019	15	2	2	13	0.1538462	
	2019	16	1	2	51	0.03921569	
	2019	16	2	2	18	0.1111111	
	2019	17	1	7	34	0.2058824	
	2019	17	2	1	28	0.03571429	
	2019	18	1	3	20	0.15	
	2019	18	2	3	25	0.12	
	2019	19	1	0	7	0	
	2019	19	2	1	8	0.125	
	2019	20	1	0	1	0	
	2019	20	2	0	1	0	
