
	A1_11_M Nichttransmuraler Infarkt/NSTEMI (Alter >19), Mortalität // Infarctus non transmural/NSTEMI (âge >19), mortalité // Infarto non transmurale/NSTEMI (età >19), mortalità
	BAG/OFSP/UFSP - CH-IQI Version V5-2 - Daten 2019 - 21. April 2021

	Jahr	AltEGrp	Sex	DeathCH	CasesCH	pCH	
	2008	6	1	0	2	0	
	2008	6	2	0	3	0	
	2008	7	1	0	3	0	
	2008	7	2	0	1	0	
	2008	8	1	0	33	0	
	2008	8	2	0	5	0	
	2008	9	1	1	132	0.007575758	
	2008	9	2	0	23	0	
	2008	10	1	1	207	0.004830918	
	2008	10	2	0	27	0	
	2008	11	1	3	265	0.01132075	
	2008	11	2	1	54	0.01851852	
	2008	12	1	7	330	0.02121212	
	2008	12	2	2	90	0.02222222	
	2008	13	1	5	394	0.01269036	
	2008	13	2	3	129	0.02325581	
	2008	14	1	10	383	0.02610966	
	2008	14	2	2	128	0.015625	
	2008	15	1	14	411	0.03406326	
	2008	15	2	5	214	0.02336449	
	2008	16	1	23	432	0.05324074	
	2008	16	2	9	262	0.03435115	
	2008	17	1	41	365	0.1123288	
	2008	17	2	24	328	0.07317073	
	2008	18	1	27	198	0.1363636	
	2008	18	2	28	257	0.1089494	
	2008	19	1	19	80	0.2375	
	2008	19	2	12	84	0.1428571	
	2008	20	1	3	10	0.3	
	2008	20	2	5	17	0.2941176	
	2009	5	1	0	3	0	
	2009	6	1	0	2	0	
	2009	6	2	0	2	0	
	2009	7	1	0	7	0	
	2009	7	2	0	3	0	
	2009	8	1	0	49	0	
	2009	8	2	0	9	0	
	2009	9	1	0	126	0	
	2009	9	2	0	31	0	
	2009	10	1	2	247	0.008097166	
	2009	10	2	0	40	0	
	2009	11	1	1	358	0.002793296	
	2009	11	2	0	77	0	
	2009	12	1	3	422	0.007109005	
	2009	12	2	0	74	0	
	2009	13	1	4	495	0.008080808	
	2009	13	2	2	133	0.01503759	
	2009	14	1	7	499	0.01402806	
	2009	14	2	8	196	0.04081633	
	2009	15	1	12	478	0.0251046	
	2009	15	2	8	226	0.03539823	
	2009	16	1	36	500	0.072	
	2009	16	2	14	327	0.04281346	
	2009	17	1	39	413	0.09443099	
	2009	17	2	36	335	0.1074627	
	2009	18	1	40	261	0.1532567	
	2009	18	2	34	294	0.1156463	
	2009	19	1	16	73	0.2191781	
	2009	19	2	21	107	0.1962617	
	2009	20	1	3	11	0.2727273	
	2009	20	2	5	22	0.2272727	
	2010	5	1	0	1	0	
	2010	5	2	0	1	0	
	2010	6	2	0	1	0	
	2010	7	1	0	18	0	
	2010	7	2	0	8	0	
	2010	8	1	0	50	0	
	2010	8	2	0	10	0	
	2010	9	1	0	140	0	
	2010	9	2	0	22	0	
	2010	10	1	1	300	0.003333333	
	2010	10	2	0	48	0	
	2010	11	1	1	446	0.002242152	
	2010	11	2	0	124	0	
	2010	12	1	4	554	0.007220217	
	2010	12	2	1	104	0.009615385	
	2010	13	1	5	624	0.008012821	
	2010	13	2	1	184	0.005434783	
	2010	14	1	16	592	0.02702703	
	2010	14	2	5	216	0.02314815	
	2010	15	1	16	594	0.02693603	
	2010	15	2	9	304	0.02960526	
	2010	16	1	21	634	0.03312303	
	2010	16	2	15	400	0.0375	
	2010	17	1	43	541	0.07948244	
	2010	17	2	30	396	0.07575758	
	2010	18	1	65	359	0.1810585	
	2010	18	2	27	357	0.07563025	
	2010	19	1	18	91	0.1978022	
	2010	19	2	26	153	0.1699346	
	2010	20	1	2	21	0.0952381	
	2010	20	2	7	38	0.1842105	
	2011	5	1	0	1	0	
	2011	5	2	0	1	0	
	2011	6	1	0	2	0	
	2011	6	2	0	3	0	
	2011	7	1	0	18	0	
	2011	7	2	0	4	0	
	2011	8	1	0	54	0	
	2011	8	2	0	10	0	
	2011	9	1	0	168	0	
	2011	9	2	0	27	0	
	2011	10	1	1	323	0.003095975	
	2011	10	2	1	60	0.01666667	
	2011	11	1	0	478	0	
	2011	11	2	0	108	0	
	2011	12	1	1	624	0.001602564	
	2011	12	2	0	131	0	
	2011	13	1	9	708	0.01271186	
	2011	13	2	2	211	0.009478673	
	2011	14	1	9	744	0.01209677	
	2011	14	2	5	249	0.02008032	
	2011	15	1	17	670	0.02537313	
	2011	15	2	6	307	0.01954397	
	2011	16	1	32	790	0.04050633	
	2011	16	2	11	427	0.02576112	
	2011	17	1	57	647	0.08809892	
	2011	17	2	42	526	0.07984791	
	2011	18	1	45	364	0.1236264	
	2011	18	2	43	420	0.102381	
	2011	19	1	18	111	0.1621622	
	2011	19	2	15	160	0.09375	
	2011	20	1	2	24	0.08333333	
	2011	20	2	8	43	0.1860465	
	2012	5	1	0	2	0	
	2012	5	2	0	2	0	
	2012	6	1	0	3	0	
	2012	6	2	0	1	0	
	2012	7	1	0	18	0	
	2012	7	2	0	4	0	
	2012	8	1	0	39	0	
	2012	8	2	0	9	0	
	2012	9	1	0	155	0	
	2012	9	2	2	26	0.07692308	
	2012	10	1	1	326	0.003067485	
	2012	10	2	0	63	0	
	2012	11	1	3	494	0.006072874	
	2012	11	2	1	101	0.00990099	
	2012	12	1	6	582	0.01030928	
	2012	12	2	0	146	0	
	2012	13	1	10	703	0.01422475	
	2012	13	2	3	234	0.01282051	
	2012	14	1	18	761	0.02365309	
	2012	14	2	4	234	0.01709402	
	2012	15	1	16	723	0.02213001	
	2012	15	2	12	351	0.03418803	
	2012	16	1	27	735	0.03673469	
	2012	16	2	23	376	0.06117021	
	2012	17	1	53	663	0.07993967	
	2012	17	2	21	512	0.04101562	
	2012	18	1	36	393	0.09160305	
	2012	18	2	49	387	0.126615	
	2012	19	1	29	121	0.2396694	
	2012	19	2	25	173	0.1445087	
	2012	20	1	6	26	0.2307692	
	2012	20	2	9	35	0.2571429	
	2013	5	1	0	2	0	
	2013	6	1	0	5	0	
	2013	7	1	0	14	0	
	2013	8	1	0	49	0	
	2013	8	2	0	12	0	
	2013	9	1	0	144	0	
	2013	9	2	0	34	0	
	2013	10	1	2	325	0.006153846	
	2013	10	2	0	49	0	
	2013	11	1	3	499	0.006012024	
	2013	11	2	0	108	0	
	2013	12	1	6	587	0.01022147	
	2013	12	2	2	125	0.016	
	2013	13	1	4	695	0.005755396	
	2013	13	2	4	207	0.01932367	
	2013	14	1	13	740	0.01756757	
	2013	14	2	1	240	0.004166667	
	2013	15	1	22	770	0.02857143	
	2013	15	2	9	306	0.02941176	
	2013	16	1	26	762	0.03412073	
	2013	16	2	16	407	0.03931204	
	2013	17	1	55	674	0.08160237	
	2013	17	2	44	512	0.0859375	
	2013	18	1	51	423	0.1205674	
	2013	18	2	48	433	0.1108545	
	2013	19	1	24	135	0.1777778	
	2013	19	2	21	198	0.1060606	
	2013	20	1	6	23	0.2608696	
	2013	20	2	8	49	0.1632653	
	2014	5	1	0	8	0	
	2014	6	1	0	3	0	
	2014	6	2	0	1	0	
	2014	7	1	0	17	0	
	2014	7	2	0	3	0	
	2014	8	1	1	47	0.0212766	
	2014	8	2	0	11	0	
	2014	9	1	0	137	0	
	2014	9	2	0	39	0	
	2014	10	1	2	347	0.005763689	
	2014	10	2	0	69	0	
	2014	11	1	1	601	0.001663894	
	2014	11	2	2	135	0.01481481	
	2014	12	1	4	715	0.005594406	
	2014	12	2	0	157	0	
	2014	13	1	9	688	0.0130814	
	2014	13	2	3	185	0.01621622	
	2014	14	1	19	843	0.02253855	
	2014	14	2	8	245	0.03265306	
	2014	15	1	19	808	0.02351485	
	2014	15	2	6	329	0.01823708	
	2014	16	1	32	780	0.04102564	
	2014	16	2	14	442	0.03167421	
	2014	17	1	52	761	0.06833114	
	2014	17	2	24	560	0.04285714	
	2014	18	1	46	429	0.1072261	
	2014	18	2	43	413	0.1041162	
	2014	19	1	22	167	0.1317365	
	2014	19	2	38	216	0.1759259	
	2014	20	1	6	20	0.3	
	2014	20	2	6	44	0.1363636	
	2015	5	1	0	4	0	
	2015	5	2	0	2	0	
	2015	6	1	0	8	0	
	2015	6	2	0	1	0	
	2015	7	1	0	23	0	
	2015	7	2	0	3	0	
	2015	8	1	0	47	0	
	2015	8	2	0	13	0	
	2015	9	1	0	167	0	
	2015	9	2	0	27	0	
	2015	10	1	1	355	0.002816901	
	2015	10	2	0	74	0	
	2015	11	1	2	544	0.003676471	
	2015	11	2	0	131	0	
	2015	12	1	5	682	0.007331378	
	2015	12	2	1	170	0.005882353	
	2015	13	1	7	819	0.008547009	
	2015	13	2	3	204	0.01470588	
	2015	14	1	17	893	0.01903695	
	2015	14	2	4	322	0.01242236	
	2015	15	1	18	891	0.02020202	
	2015	15	2	7	333	0.02102102	
	2015	16	1	35	888	0.03941441	
	2015	16	2	12	463	0.02591793	
	2015	17	1	44	770	0.05714286	
	2015	17	2	21	574	0.03658537	
	2015	18	1	41	435	0.09425287	
	2015	18	2	39	464	0.08405172	
	2015	19	1	30	160	0.1875	
	2015	19	2	28	197	0.142132	
	2015	20	1	12	28	0.4285714	
	2015	20	2	8	36	0.2222222	
	2016	5	1	0	2	0	
	2016	5	2	0	1	0	
	2016	6	1	0	5	0	
	2016	6	2	0	1	0	
	2016	7	1	0	18	0	
	2016	7	2	0	2	0	
	2016	8	1	0	43	0	
	2016	8	2	1	16	0.0625	
	2016	9	1	1	171	0.005847953	
	2016	9	2	0	25	0	
	2016	10	1	0	346	0	
	2016	10	2	0	65	0	
	2016	11	1	0	579	0	
	2016	11	2	1	128	0.0078125	
	2016	12	1	2	709	0.002820874	
	2016	12	2	4	165	0.02424242	
	2016	13	1	6	807	0.007434944	
	2016	13	2	2	237	0.008438819	
	2016	14	1	10	849	0.01177856	
	2016	14	2	8	327	0.02446483	
	2016	15	1	19	899	0.02113459	
	2016	15	2	8	370	0.02162162	
	2016	16	1	27	888	0.03040541	
	2016	16	2	18	471	0.03821656	
	2016	17	1	49	847	0.05785124	
	2016	17	2	30	603	0.04975124	
	2016	18	1	47	500	0.094	
	2016	18	2	36	482	0.0746888	
	2016	19	1	31	177	0.1751412	
	2016	19	2	29	224	0.1294643	
	2016	20	1	5	29	0.1724138	
	2016	20	2	9	49	0.1836735	
	2017	5	1	0	1	0	
	2017	6	1	0	10	0	
	2017	7	1	0	23	0	
	2017	7	2	0	2	0	
	2017	8	1	0	55	0	
	2017	8	2	0	17	0	
	2017	9	1	0	135	0	
	2017	9	2	0	22	0	
	2017	10	1	2	311	0.006430868	
	2017	10	2	0	56	0	
	2017	11	1	4	597	0.006700168	
	2017	11	2	0	128	0	
	2017	12	1	4	720	0.005555556	
	2017	12	2	2	170	0.01176471	
	2017	13	1	7	827	0.008464329	
	2017	13	2	0	202	0	
	2017	14	1	11	889	0.01237345	
	2017	14	2	4	310	0.01290323	
	2017	15	1	20	948	0.02109705	
	2017	15	2	9	396	0.02272727	
	2017	16	1	31	800	0.03875	
	2017	16	2	15	501	0.02994012	
	2017	17	1	36	798	0.04511278	
	2017	17	2	30	575	0.05217391	
	2017	18	1	51	564	0.09042553	
	2017	18	2	41	468	0.08760684	
	2017	19	1	25	178	0.1404494	
	2017	19	2	38	196	0.1938776	
	2017	20	1	5	33	0.1515152	
	2017	20	2	14	52	0.2692308	
	2018	5	1	0	6	0	
	2018	6	1	0	10	0	
	2018	6	2	0	3	0	
	2018	7	1	0	23	0	
	2018	7	2	0	4	0	
	2018	8	1	1	57	0.01754386	
	2018	8	2	0	12	0	
	2018	9	1	0	157	0	
	2018	9	2	0	37	0	
	2018	10	1	1	301	0.003322259	
	2018	10	2	0	51	0	
	2018	11	1	3	615	0.004878049	
	2018	11	2	0	117	0	
	2018	12	1	0	797	0	
	2018	12	2	2	209	0.009569378	
	2018	13	1	5	800	0.00625	
	2018	13	2	3	194	0.01546392	
	2018	14	1	13	887	0.01465614	
	2018	14	2	7	307	0.0228013	
	2018	15	1	17	997	0.01705115	
	2018	15	2	13	415	0.0313253	
	2018	16	1	23	836	0.02751196	
	2018	16	2	6	482	0.01244813	
	2018	17	1	41	803	0.05105853	
	2018	17	2	16	576	0.02777778	
	2018	18	1	35	522	0.06704981	
	2018	18	2	37	455	0.08131868	
	2018	19	1	26	174	0.1494253	
	2018	19	2	31	216	0.1435185	
	2018	20	1	6	20	0.3	
	2018	20	2	12	55	0.2181818	
	2019	5	1	0	1	0	
	2019	5	2	0	1	0	
	2019	6	1	0	4	0	
	2019	6	2	0	8	0	
	2019	7	1	0	25	0	
	2019	7	2	0	3	0	
	2019	8	1	0	79	0	
	2019	8	2	0	7	0	
	2019	9	1	0	150	0	
	2019	9	2	0	36	0	
	2019	10	1	1	296	0.003378378	
	2019	10	2	0	66	0	
	2019	11	1	1	543	0.001841621	
	2019	11	2	0	146	0	
	2019	12	1	2	751	0.002663116	
	2019	12	2	2	198	0.01010101	
	2019	13	1	8	830	0.009638554	
	2019	13	2	4	245	0.01632653	
	2019	14	1	13	951	0.01366982	
	2019	14	2	4	314	0.01273885	
	2019	15	1	16	955	0.01675393	
	2019	15	2	10	423	0.02364066	
	2019	16	1	22	874	0.02517162	
	2019	16	2	17	506	0.03359684	
	2019	17	1	33	757	0.04359313	
	2019	17	2	29	529	0.05482042	
	2019	18	1	41	493	0.0831643	
	2019	18	2	37	442	0.08371041	
	2019	19	1	26	177	0.1468927	
	2019	19	2	26	206	0.1262136	
	2019	20	1	0	36	0	
	2019	20	2	5	46	0.1086957	
