
	A3_13_M Therapeutische Katheter der Koronargefässe ohne HD Herzinfarkt ohne OP am Herzen (Alter >19), Zuverlegungen, Mortalität // Cathétérisme thérapeutique des vaisseaux coronaires sans DP infarctus du myocarde sans OP du cœur (âge >19), transféré d'un autre hôpital, mortalité // Catetere terapeutico dei vasi coronarici senza DP infarto miocardico senza OP al cuore (età >19), trasferito da un altro ospedale, mortalità
	BAG/OFSP/UFSP - CH-IQI Version V5-2 - Daten 2019 - 21. April 2021

	Jahr	AltEGrp	Sex	DeathCH	CasesCH	pCH	
	2008	7	1	0	4	0	
	2008	8	1	0	2	0	
	2008	8	2	0	2	0	
	2008	9	1	0	25	0	
	2008	9	2	0	4	0	
	2008	10	1	0	49	0	
	2008	10	2	0	8	0	
	2008	11	1	1	74	0.01351351	
	2008	11	2	0	8	0	
	2008	12	1	1	92	0.01086957	
	2008	12	2	0	19	0	
	2008	13	1	2	103	0.01941748	
	2008	13	2	1	29	0.03448276	
	2008	14	1	1	108	0.009259259	
	2008	14	2	1	23	0.04347826	
	2008	15	1	1	89	0.01123596	
	2008	15	2	1	32	0.03125	
	2008	16	1	3	83	0.03614458	
	2008	16	2	1	61	0.01639344	
	2008	17	1	1	44	0.02272727	
	2008	17	2	2	44	0.04545455	
	2008	18	1	0	12	0	
	2008	18	2	3	14	0.2142857	
	2008	19	1	0	1	0	
	2008	19	2	1	3	0.3333333	
	2009	7	1	0	1	0	
	2009	8	1	0	4	0	
	2009	8	2	0	3	0	
	2009	9	1	0	16	0	
	2009	9	2	0	11	0	
	2009	10	1	0	32	0	
	2009	10	2	0	3	0	
	2009	11	1	1	46	0.02173913	
	2009	11	2	0	13	0	
	2009	12	1	1	62	0.01612903	
	2009	12	2	0	15	0	
	2009	13	1	1	70	0.01428571	
	2009	13	2	0	25	0	
	2009	14	1	4	87	0.04597701	
	2009	14	2	0	23	0	
	2009	15	1	1	88	0.01136364	
	2009	15	2	0	25	0	
	2009	16	1	1	69	0.01449275	
	2009	16	2	2	39	0.05128205	
	2009	17	1	3	48	0.0625	
	2009	17	2	1	30	0.03333333	
	2009	18	1	1	15	0.06666667	
	2009	18	2	1	9	0.1111111	
	2009	19	1	0	1	0	
	2009	19	2	1	3	0.3333333	
	2010	7	1	0	1	0	
	2010	8	1	0	3	0	
	2010	9	1	0	17	0	
	2010	9	2	0	2	0	
	2010	10	1	1	40	0.025	
	2010	10	2	0	2	0	
	2010	11	1	1	49	0.02040816	
	2010	11	2	0	12	0	
	2010	12	1	0	61	0	
	2010	12	2	0	12	0	
	2010	13	1	2	95	0.02105263	
	2010	13	2	2	28	0.07142857	
	2010	14	1	5	85	0.05882353	
	2010	14	2	1	44	0.02272727	
	2010	15	1	3	90	0.03333333	
	2010	15	2	0	39	0	
	2010	16	1	3	85	0.03529412	
	2010	16	2	1	40	0.025	
	2010	17	1	1	61	0.01639344	
	2010	17	2	0	50	0	
	2010	18	1	0	20	0	
	2010	18	2	1	11	0.09090909	
	2010	19	1	0	2	0	
	2010	19	2	0	1	0	
	2011	7	1	0	1	0	
	2011	8	1	1	5	0.2	
	2011	9	1	1	14	0.07142857	
	2011	9	2	0	6	0	
	2011	10	1	0	27	0	
	2011	10	2	1	6	0.1666667	
	2011	11	1	0	40	0	
	2011	11	2	0	7	0	
	2011	12	1	1	51	0.01960784	
	2011	12	2	0	7	0	
	2011	13	1	0	69	0	
	2011	13	2	0	20	0	
	2011	14	1	0	83	0	
	2011	14	2	0	22	0	
	2011	15	1	3	75	0.04	
	2011	15	2	0	34	0	
	2011	16	1	4	80	0.05	
	2011	16	2	1	39	0.02564103	
	2011	17	1	3	47	0.06382979	
	2011	17	2	2	34	0.05882353	
	2011	18	1	0	28	0	
	2011	18	2	0	8	0	
	2011	19	1	0	3	0	
	2011	19	2	0	1	0	
	2012	8	1	0	1	0	
	2012	9	1	0	7	0	
	2012	9	2	1	3	0.3333333	
	2012	10	1	0	17	0	
	2012	10	2	0	5	0	
	2012	11	1	3	37	0.08108108	
	2012	11	2	0	4	0	
	2012	12	1	4	51	0.07843137	
	2012	12	2	0	11	0	
	2012	13	1	0	51	0	
	2012	13	2	0	10	0	
	2012	14	1	2	56	0.03571429	
	2012	14	2	0	10	0	
	2012	15	1	6	58	0.1034483	
	2012	15	2	1	29	0.03448276	
	2012	16	1	7	61	0.1147541	
	2012	16	2	0	32	0	
	2012	17	1	1	47	0.0212766	
	2012	17	2	0	35	0	
	2012	18	1	0	12	0	
	2012	18	2	0	11	0	
	2012	19	1	1	3	0.3333333	
	2012	19	2	0	3	0	
	2012	20	1	0	1	0	
	2013	7	1	0	2	0	
	2013	8	1	0	4	0	
	2013	9	1	0	4	0	
	2013	9	2	0	1	0	
	2013	10	1	0	7	0	
	2013	10	2	0	4	0	
	2013	11	1	0	20	0	
	2013	11	2	0	6	0	
	2013	12	1	0	38	0	
	2013	12	2	0	3	0	
	2013	13	1	0	36	0	
	2013	13	2	0	8	0	
	2013	14	1	1	62	0.01612903	
	2013	14	2	0	21	0	
	2013	15	1	5	67	0.07462687	
	2013	15	2	1	23	0.04347826	
	2013	16	1	3	42	0.07142857	
	2013	16	2	3	32	0.09375	
	2013	17	1	1	41	0.02439024	
	2013	17	2	0	31	0	
	2013	18	1	0	18	0	
	2013	18	2	1	16	0.0625	
	2013	19	1	0	4	0	
	2014	6	1	0	1	0	
	2014	7	1	0	1	0	
	2014	8	1	0	1	0	
	2014	9	1	0	4	0	
	2014	10	1	1	14	0.07142857	
	2014	10	2	0	5	0	
	2014	11	1	0	23	0	
	2014	11	2	0	5	0	
	2014	12	1	1	38	0.02631579	
	2014	12	2	0	14	0	
	2014	13	1	1	45	0.02222222	
	2014	13	2	0	6	0	
	2014	14	1	3	50	0.06	
	2014	14	2	0	18	0	
	2014	15	1	0	59	0	
	2014	15	2	1	27	0.03703704	
	2014	16	1	1	47	0.0212766	
	2014	16	2	0	30	0	
	2014	17	1	0	40	0	
	2014	17	2	1	27	0.03703704	
	2014	18	1	1	12	0.08333333	
	2014	18	2	1	10	0.1	
	2014	19	1	0	1	0	
	2014	19	2	0	3	0	
	2015	8	1	0	1	0	
	2015	9	1	0	5	0	
	2015	9	2	0	3	0	
	2015	10	1	0	10	0	
	2015	10	2	0	3	0	
	2015	11	1	0	25	0	
	2015	11	2	0	2	0	
	2015	12	1	1	37	0.02702703	
	2015	12	2	0	10	0	
	2015	13	1	0	35	0	
	2015	13	2	0	3	0	
	2015	14	1	0	51	0	
	2015	14	2	0	17	0	
	2015	15	1	1	59	0.01694915	
	2015	15	2	2	33	0.06060606	
	2015	16	1	4	56	0.07142857	
	2015	16	2	0	28	0	
	2015	17	1	4	42	0.0952381	
	2015	17	2	0	27	0	
	2015	18	1	0	15	0	
	2015	18	2	0	12	0	
	2015	19	2	0	3	0	
	2016	7	2	0	1	0	
	2016	8	1	0	2	0	
	2016	8	2	0	1	0	
	2016	9	1	0	4	0	
	2016	9	2	0	1	0	
	2016	10	1	0	10	0	
	2016	10	2	0	1	0	
	2016	11	1	1	19	0.05263158	
	2016	11	2	0	6	0	
	2016	12	1	0	29	0	
	2016	12	2	0	7	0	
	2016	13	1	0	40	0	
	2016	13	2	1	5	0.2	
	2016	14	1	0	42	0	
	2016	14	2	1	8	0.125	
	2016	15	1	1	56	0.01785714	
	2016	15	2	3	22	0.1363636	
	2016	16	1	4	56	0.07142857	
	2016	16	2	3	28	0.1071429	
	2016	17	1	3	32	0.09375	
	2016	17	2	2	33	0.06060606	
	2016	18	1	3	22	0.1363636	
	2016	18	2	0	10	0	
	2016	19	1	0	3	0	
	2016	19	2	0	2	0	
	2017	8	1	0	1	0	
	2017	9	1	0	3	0	
	2017	9	2	0	3	0	
	2017	10	1	0	7	0	
	2017	10	2	0	1	0	
	2017	11	1	0	13	0	
	2017	11	2	0	2	0	
	2017	12	1	0	24	0	
	2017	12	2	0	7	0	
	2017	13	1	0	26	0	
	2017	13	2	0	5	0	
	2017	14	1	2	35	0.05714286	
	2017	14	2	0	14	0	
	2017	15	1	2	50	0.04	
	2017	15	2	0	16	0	
	2017	16	1	2	47	0.04255319	
	2017	16	2	1	14	0.07142857	
	2017	17	1	1	31	0.03225806	
	2017	17	2	1	21	0.04761905	
	2017	18	1	0	18	0	
	2017	18	2	0	18	0	
	2017	19	1	1	2	0.5	
	2017	19	2	0	1	0	
	2018	6	1	0	1	0	
	2018	7	2	0	1	0	
	2018	8	1	0	1	0	
	2018	9	1	0	3	0	
	2018	9	2	0	1	0	
	2018	10	1	0	8	0	
	2018	11	1	0	17	0	
	2018	11	2	0	3	0	
	2018	12	1	0	20	0	
	2018	12	2	0	3	0	
	2018	13	1	0	26	0	
	2018	13	2	0	8	0	
	2018	14	1	2	46	0.04347826	
	2018	14	2	0	19	0	
	2018	15	1	1	44	0.02272727	
	2018	15	2	1	15	0.06666667	
	2018	16	1	1	58	0.01724138	
	2018	16	2	2	15	0.1333333	
	2018	17	1	2	41	0.04878049	
	2018	17	2	0	21	0	
	2018	18	1	1	14	0.07142857	
	2018	18	2	1	14	0.07142857	
	2018	19	1	0	2	0	
	2018	19	2	1	3	0.3333333	
	2019	9	1	0	4	0	
	2019	10	1	0	7	0	
	2019	10	2	0	1	0	
	2019	11	1	0	10	0	
	2019	11	2	0	3	0	
	2019	12	1	0	20	0	
	2019	12	2	0	2	0	
	2019	13	1	1	25	0.04	
	2019	13	2	1	8	0.125	
	2019	14	1	3	42	0.07142857	
	2019	14	2	1	11	0.09090909	
	2019	15	1	4	45	0.08888889	
	2019	15	2	0	12	0	
	2019	16	1	0	34	0	
	2019	16	2	0	25	0	
	2019	17	1	2	39	0.05128205	
	2019	17	2	3	21	0.1428571	
	2019	18	1	0	17	0	
	2019	18	2	0	7	0	
	2019	19	1	0	1	0	
