
	F4_01_M Amputation im Fussbereich, kein Trauma, Mortalität // Amputation non traumatique au niveau du pied, mortalité // Amputazione non traumatica nella regione del piede, mortalità
	BAG/OFSP/UFSP - CH-IQI Version V5-2 - Daten 2019 - 21. April 2021

	Jahr	AltEGrp	Sex	DeathCH	CasesCH	pCH	
	2008	1	1	0	12	0	
	2008	1	2	0	8	0	
	2008	2	1	0	1	0	
	2008	3	1	0	1	0	
	2008	3	2	0	2	0	
	2008	4	1	0	2	0	
	2008	4	2	0	1	0	
	2008	5	1	0	1	0	
	2008	6	1	0	3	0	
	2008	6	2	0	1	0	
	2008	7	1	0	3	0	
	2008	7	2	0	2	0	
	2008	8	1	0	7	0	
	2008	8	2	0	10	0	
	2008	9	1	0	14	0	
	2008	9	2	0	3	0	
	2008	10	1	0	28	0	
	2008	10	2	0	19	0	
	2008	11	1	0	46	0	
	2008	11	2	0	21	0	
	2008	12	1	0	102	0	
	2008	12	2	0	22	0	
	2008	13	1	1	126	0.007936508	
	2008	13	2	1	39	0.02564103	
	2008	14	1	3	181	0.01657459	
	2008	14	2	0	44	0	
	2008	15	1	3	178	0.01685393	
	2008	15	2	1	75	0.01333333	
	2008	16	1	6	182	0.03296703	
	2008	16	2	3	102	0.02941176	
	2008	17	1	2	153	0.0130719	
	2008	17	2	8	127	0.06299213	
	2008	18	1	7	90	0.07777778	
	2008	18	2	3	92	0.0326087	
	2008	19	1	1	23	0.04347826	
	2008	19	2	0	35	0	
	2008	20	1	0	5	0	
	2008	20	2	1	11	0.09090909	
	2009	1	1	0	9	0	
	2009	1	2	0	19	0	
	2009	3	1	0	3	0	
	2009	3	2	0	2	0	
	2009	4	1	0	2	0	
	2009	4	2	0	4	0	
	2009	5	1	0	2	0	
	2009	5	2	0	3	0	
	2009	6	1	0	1	0	
	2009	6	2	0	1	0	
	2009	7	1	0	2	0	
	2009	7	2	0	2	0	
	2009	8	1	0	3	0	
	2009	8	2	0	4	0	
	2009	9	1	0	16	0	
	2009	9	2	0	4	0	
	2009	10	1	0	33	0	
	2009	10	2	0	11	0	
	2009	11	1	0	37	0	
	2009	11	2	0	19	0	
	2009	12	1	0	90	0	
	2009	12	2	0	23	0	
	2009	13	1	1	121	0.008264463	
	2009	13	2	0	27	0	
	2009	14	1	3	139	0.02158273	
	2009	14	2	1	45	0.02222222	
	2009	15	1	3	177	0.01694915	
	2009	15	2	2	64	0.03125	
	2009	16	1	9	177	0.05084746	
	2009	16	2	2	94	0.0212766	
	2009	17	1	9	176	0.05113636	
	2009	17	2	5	118	0.04237288	
	2009	18	1	9	115	0.07826087	
	2009	18	2	4	82	0.04878049	
	2009	19	1	3	31	0.09677419	
	2009	19	2	2	28	0.07142857	
	2009	20	1	2	8	0.25	
	2009	20	2	0	14	0	
	2010	1	1	0	5	0	
	2010	1	2	0	11	0	
	2010	2	1	0	1	0	
	2010	3	1	0	1	0	
	2010	4	2	0	1	0	
	2010	5	2	0	2	0	
	2010	6	1	0	1	0	
	2010	6	2	0	3	0	
	2010	7	1	0	5	0	
	2010	7	2	0	2	0	
	2010	8	1	0	10	0	
	2010	8	2	0	3	0	
	2010	9	1	0	18	0	
	2010	9	2	0	6	0	
	2010	10	1	0	23	0	
	2010	10	2	0	11	0	
	2010	11	1	1	55	0.01818182	
	2010	11	2	0	18	0	
	2010	12	1	0	80	0	
	2010	12	2	0	21	0	
	2010	13	1	2	131	0.01526718	
	2010	13	2	0	31	0	
	2010	14	1	1	183	0.005464481	
	2010	14	2	0	45	0	
	2010	15	1	9	177	0.05084746	
	2010	15	2	2	78	0.02564103	
	2010	16	1	9	206	0.04368932	
	2010	16	2	5	87	0.05747126	
	2010	17	1	4	157	0.02547771	
	2010	17	2	5	128	0.0390625	
	2010	18	1	7	102	0.06862745	
	2010	18	2	2	103	0.01941748	
	2010	19	1	4	37	0.1081081	
	2010	19	2	4	49	0.08163265	
	2010	20	1	0	3	0	
	2010	20	2	1	14	0.07142857	
	2011	1	1	0	8	0	
	2011	1	2	0	3	0	
	2011	2	1	0	2	0	
	2011	3	1	0	2	0	
	2011	4	1	0	2	0	
	2011	4	2	0	1	0	
	2011	6	1	0	4	0	
	2011	6	2	0	2	0	
	2011	7	1	0	1	0	
	2011	7	2	0	2	0	
	2011	8	1	0	7	0	
	2011	8	2	0	2	0	
	2011	9	1	1	14	0.07142857	
	2011	9	2	0	5	0	
	2011	10	1	0	28	0	
	2011	10	2	1	12	0.08333333	
	2011	11	1	0	40	0	
	2011	11	2	0	9	0	
	2011	12	1	0	86	0	
	2011	12	2	0	18	0	
	2011	13	1	1	142	0.007042254	
	2011	13	2	1	31	0.03225806	
	2011	14	1	1	154	0.006493506	
	2011	14	2	1	50	0.02	
	2011	15	1	5	198	0.02525253	
	2011	15	2	3	73	0.04109589	
	2011	16	1	7	219	0.03196347	
	2011	16	2	2	94	0.0212766	
	2011	17	1	8	172	0.04651163	
	2011	17	2	3	109	0.02752294	
	2011	18	1	9	99	0.09090909	
	2011	18	2	3	115	0.02608696	
	2011	19	1	3	26	0.1153846	
	2011	19	2	3	45	0.06666667	
	2011	20	1	1	3	0.3333333	
	2011	20	2	0	10	0	
	2012	1	1	0	6	0	
	2012	1	2	0	7	0	
	2012	2	1	0	1	0	
	2012	3	2	0	1	0	
	2012	5	1	0	3	0	
	2012	5	2	0	2	0	
	2012	6	1	0	1	0	
	2012	6	2	0	1	0	
	2012	7	1	0	3	0	
	2012	8	1	0	10	0	
	2012	8	2	0	2	0	
	2012	9	1	0	14	0	
	2012	9	2	0	4	0	
	2012	10	1	0	40	0	
	2012	10	2	0	6	0	
	2012	11	1	0	47	0	
	2012	11	2	0	21	0	
	2012	12	1	1	103	0.009708738	
	2012	12	2	0	20	0	
	2012	13	1	2	134	0.01492537	
	2012	13	2	1	28	0.03571429	
	2012	14	1	2	172	0.01162791	
	2012	14	2	0	47	0	
	2012	15	1	4	192	0.02083333	
	2012	15	2	3	55	0.05454545	
	2012	16	1	8	196	0.04081633	
	2012	16	2	2	101	0.01980198	
	2012	17	1	5	174	0.02873563	
	2012	17	2	0	128	0	
	2012	18	1	4	103	0.03883495	
	2012	18	2	6	95	0.06315789	
	2012	19	1	0	28	0	
	2012	19	2	1	44	0.02272727	
	2012	20	1	0	6	0	
	2012	20	2	0	10	0	
	2013	1	1	0	7	0	
	2013	1	2	0	2	0	
	2013	2	2	0	1	0	
	2013	4	1	0	2	0	
	2013	5	1	0	4	0	
	2013	6	1	0	1	0	
	2013	6	2	0	3	0	
	2013	7	1	0	2	0	
	2013	7	2	0	2	0	
	2013	8	1	0	5	0	
	2013	8	2	0	3	0	
	2013	9	1	1	20	0.05	
	2013	9	2	0	8	0	
	2013	10	1	0	34	0	
	2013	10	2	0	8	0	
	2013	11	1	0	47	0	
	2013	11	2	1	14	0.07142857	
	2013	12	1	1	98	0.01020408	
	2013	12	2	0	21	0	
	2013	13	1	1	126	0.007936508	
	2013	13	2	1	29	0.03448276	
	2013	14	1	3	174	0.01724138	
	2013	14	2	1	64	0.015625	
	2013	15	1	12	213	0.05633803	
	2013	15	2	1	59	0.01694915	
	2013	16	1	11	193	0.05699482	
	2013	16	2	1	94	0.0106383	
	2013	17	1	6	180	0.03333333	
	2013	17	2	4	95	0.04210526	
	2013	18	1	10	120	0.08333333	
	2013	18	2	2	107	0.01869159	
	2013	19	1	5	34	0.1470588	
	2013	19	2	3	50	0.06	
	2013	20	1	0	3	0	
	2013	20	2	0	11	0	
	2014	1	1	0	3	0	
	2014	3	2	0	2	0	
	2014	5	1	0	4	0	
	2014	5	2	0	2	0	
	2014	6	1	0	2	0	
	2014	6	2	0	2	0	
	2014	7	1	0	3	0	
	2014	7	2	0	2	0	
	2014	8	1	0	6	0	
	2014	8	2	0	6	0	
	2014	9	1	0	8	0	
	2014	9	2	0	5	0	
	2014	10	1	0	32	0	
	2014	10	2	0	11	0	
	2014	11	1	1	49	0.02040816	
	2014	11	2	0	20	0	
	2014	12	1	1	103	0.009708738	
	2014	12	2	0	27	0	
	2014	13	1	0	121	0	
	2014	13	2	0	24	0	
	2014	14	1	4	185	0.02162162	
	2014	14	2	1	53	0.01886792	
	2014	15	1	3	187	0.01604278	
	2014	15	2	2	90	0.02222222	
	2014	16	1	4	197	0.02030457	
	2014	16	2	1	99	0.01010101	
	2014	17	1	15	196	0.07653061	
	2014	17	2	4	113	0.03539823	
	2014	18	1	10	120	0.08333333	
	2014	18	2	2	94	0.0212766	
	2014	19	1	3	45	0.06666667	
	2014	19	2	2	48	0.04166667	
	2014	20	1	0	7	0	
	2014	20	2	0	11	0	
	2015	1	1	0	4	0	
	2015	1	2	0	5	0	
	2015	2	1	0	1	0	
	2015	2	2	0	1	0	
	2015	4	1	0	2	0	
	2015	4	2	0	1	0	
	2015	5	1	0	4	0	
	2015	6	1	0	4	0	
	2015	6	2	0	2	0	
	2015	7	1	0	4	0	
	2015	8	1	0	2	0	
	2015	8	2	0	2	0	
	2015	9	1	0	9	0	
	2015	9	2	0	4	0	
	2015	10	1	0	31	0	
	2015	10	2	0	12	0	
	2015	11	1	0	54	0	
	2015	11	2	0	17	0	
	2015	12	1	1	95	0.01052632	
	2015	12	2	0	20	0	
	2015	13	1	2	123	0.01626016	
	2015	13	2	0	28	0	
	2015	14	1	4	173	0.02312139	
	2015	14	2	0	65	0	
	2015	15	1	6	199	0.03015075	
	2015	15	2	1	76	0.01315789	
	2015	16	1	11	230	0.04782609	
	2015	16	2	2	86	0.02325581	
	2015	17	1	12	206	0.05825243	
	2015	17	2	2	128	0.015625	
	2015	18	1	8	137	0.05839416	
	2015	18	2	4	100	0.04	
	2015	19	1	1	48	0.02083333	
	2015	19	2	4	54	0.07407407	
	2015	20	1	0	5	0	
	2015	20	2	0	13	0	
	2016	1	1	0	5	0	
	2016	1	2	0	2	0	
	2016	2	2	0	2	0	
	2016	4	1	0	2	0	
	2016	5	1	0	3	0	
	2016	5	2	0	1	0	
	2016	6	1	0	3	0	
	2016	7	1	0	4	0	
	2016	7	2	0	4	0	
	2016	8	1	0	1	0	
	2016	9	1	0	10	0	
	2016	9	2	0	2	0	
	2016	10	1	0	29	0	
	2016	10	2	0	5	0	
	2016	11	1	0	44	0	
	2016	11	2	0	17	0	
	2016	12	1	1	92	0.01086957	
	2016	12	2	0	20	0	
	2016	13	1	2	141	0.0141844	
	2016	13	2	1	34	0.02941176	
	2016	14	1	4	208	0.01923077	
	2016	14	2	1	53	0.01886792	
	2016	15	1	4	234	0.01709402	
	2016	15	2	0	70	0	
	2016	16	1	8	216	0.03703704	
	2016	16	2	0	88	0	
	2016	17	1	13	230	0.05652174	
	2016	17	2	4	130	0.03076923	
	2016	18	1	11	144	0.07638889	
	2016	18	2	3	148	0.02027027	
	2016	19	1	5	47	0.106383	
	2016	19	2	1	55	0.01818182	
	2016	20	1	1	8	0.125	
	2016	20	2	0	13	0	
	2017	1	1	0	4	0	
	2017	1	2	0	4	0	
	2017	3	1	0	1	0	
	2017	5	1	0	2	0	
	2017	6	1	0	2	0	
	2017	7	1	0	2	0	
	2017	8	1	1	9	0.1111111	
	2017	8	2	0	4	0	
	2017	9	1	0	5	0	
	2017	9	2	0	5	0	
	2017	10	1	0	26	0	
	2017	10	2	0	10	0	
	2017	11	1	0	59	0	
	2017	11	2	0	13	0	
	2017	12	1	0	103	0	
	2017	12	2	0	24	0	
	2017	13	1	1	147	0.006802721	
	2017	13	2	1	28	0.03571429	
	2017	14	1	2	200	0.01	
	2017	14	2	0	53	0	
	2017	15	1	5	242	0.02066116	
	2017	15	2	3	78	0.03846154	
	2017	16	1	9	253	0.03557312	
	2017	16	2	4	102	0.03921569	
	2017	17	1	7	246	0.02845528	
	2017	17	2	2	111	0.01801802	
	2017	18	1	9	130	0.06923077	
	2017	18	2	4	118	0.03389831	
	2017	19	1	4	63	0.06349206	
	2017	19	2	1	51	0.01960784	
	2017	20	1	0	7	0	
	2017	20	2	0	11	0	
	2018	1	1	0	3	0	
	2018	3	1	0	2	0	
	2018	3	2	0	1	0	
	2018	5	2	0	1	0	
	2018	6	1	0	3	0	
	2018	6	2	0	4	0	
	2018	7	1	0	1	0	
	2018	7	2	1	1	1	
	2018	8	1	0	10	0	
	2018	8	2	0	5	0	
	2018	9	1	1	10	0.1	
	2018	9	2	0	11	0	
	2018	10	1	0	27	0	
	2018	10	2	0	8	0	
	2018	11	1	0	62	0	
	2018	11	2	0	20	0	
	2018	12	1	1	98	0.01020408	
	2018	12	2	0	25	0	
	2018	13	1	2	135	0.01481481	
	2018	13	2	0	30	0	
	2018	14	1	2	204	0.009803922	
	2018	14	2	0	54	0	
	2018	15	1	1	260	0.003846154	
	2018	15	2	0	62	0	
	2018	16	1	9	232	0.0387931	
	2018	16	2	2	88	0.02272727	
	2018	17	1	14	246	0.05691057	
	2018	17	2	4	131	0.03053435	
	2018	18	1	6	152	0.03947368	
	2018	18	2	2	101	0.01980198	
	2018	19	1	1	36	0.02777778	
	2018	19	2	1	47	0.0212766	
	2018	20	1	1	14	0.07142857	
	2018	20	2	0	11	0	
	2019	1	1	0	2	0	
	2019	1	2	0	2	0	
	2019	3	2	0	1	0	
	2019	4	2	0	1	0	
	2019	5	1	0	1	0	
	2019	6	1	0	5	0	
	2019	6	2	0	2	0	
	2019	7	1	0	2	0	
	2019	7	2	0	3	0	
	2019	8	1	0	8	0	
	2019	8	2	0	2	0	
	2019	9	1	0	15	0	
	2019	9	2	0	6	0	
	2019	10	1	0	20	0	
	2019	10	2	0	10	0	
	2019	11	1	0	44	0	
	2019	11	2	0	21	0	
	2019	12	1	0	97	0	
	2019	12	2	0	33	0	
	2019	13	1	1	148	0.006756757	
	2019	13	2	1	33	0.03030303	
	2019	14	1	4	217	0.01843318	
	2019	14	2	1	43	0.02325581	
	2019	15	1	8	282	0.02836879	
	2019	15	2	2	71	0.02816901	
	2019	16	1	8	231	0.03463203	
	2019	16	2	0	109	0	
	2019	17	1	7	237	0.02953586	
	2019	17	2	3	149	0.02013423	
	2019	18	1	7	172	0.04069767	
	2019	18	2	1	127	0.007874016	
	2019	19	1	5	71	0.07042254	
	2019	19	2	3	68	0.04411765	
	2019	20	1	0	6	0	
	2019	20	2	1	20	0.05	
