
	B1_12_M Schlaganfall n.n.bez. (ICD­10 I64, Alter >19), Mortalität // Accident vasculaire cérébral, sans précision (CIM­10 I64, âge >19), mortalité // Colpo apoplettico, non altrimenti specificato (ICD­10 I64, età >19), mortalità
	BAG/OFSP/UFSP - CH-IQI Version V5-2 - Daten 2019 - 21. April 2021

	Jahr	AltEGrp	Sex	DeathCH	CasesCH	pCH	
	2008	5	2	0	3	0	
	2008	6	1	0	1	0	
	2008	7	1	0	3	0	
	2008	7	2	0	3	0	
	2008	8	1	0	5	0	
	2008	8	2	0	8	0	
	2008	9	1	0	14	0	
	2008	9	2	0	6	0	
	2008	10	1	0	15	0	
	2008	10	2	0	9	0	
	2008	11	1	0	35	0	
	2008	11	2	0	11	0	
	2008	12	1	0	46	0	
	2008	12	2	0	15	0	
	2008	13	1	0	75	0	
	2008	13	2	0	32	0	
	2008	14	1	4	98	0.04081633	
	2008	14	2	3	43	0.06976744	
	2008	15	1	2	97	0.02061856	
	2008	15	2	5	87	0.05747126	
	2008	16	1	14	145	0.09655172	
	2008	16	2	12	131	0.09160305	
	2008	17	1	14	170	0.08235294	
	2008	17	2	33	194	0.1701031	
	2008	18	1	28	143	0.1958042	
	2008	18	2	36	199	0.1809045	
	2008	19	1	15	55	0.2727273	
	2008	19	2	33	111	0.2972973	
	2008	20	1	5	15	0.3333333	
	2008	20	2	10	25	0.4	
	2009	5	1	0	1	0	
	2009	6	1	0	1	0	
	2009	6	2	0	2	0	
	2009	7	1	0	1	0	
	2009	7	2	0	3	0	
	2009	8	1	0	4	0	
	2009	8	2	0	2	0	
	2009	9	1	0	10	0	
	2009	9	2	0	3	0	
	2009	10	1	0	25	0	
	2009	10	2	0	7	0	
	2009	11	1	0	25	0	
	2009	11	2	0	10	0	
	2009	12	1	2	55	0.03636364	
	2009	12	2	1	16	0.0625	
	2009	13	1	3	65	0.04615385	
	2009	13	2	1	36	0.02777778	
	2009	14	1	0	84	0	
	2009	14	2	4	51	0.07843137	
	2009	15	1	7	106	0.06603774	
	2009	15	2	4	74	0.05405405	
	2009	16	1	10	138	0.07246377	
	2009	16	2	7	124	0.05645161	
	2009	17	1	16	135	0.1185185	
	2009	17	2	22	196	0.1122449	
	2009	18	1	25	102	0.245098	
	2009	18	2	41	195	0.2102564	
	2009	19	1	13	46	0.2826087	
	2009	19	2	21	83	0.253012	
	2009	20	1	2	8	0.25	
	2009	20	2	13	26	0.5	
	2010	5	1	0	1	0	
	2010	6	2	0	1	0	
	2010	7	1	0	1	0	
	2010	7	2	0	1	0	
	2010	8	1	0	5	0	
	2010	8	2	0	5	0	
	2010	9	1	0	12	0	
	2010	9	2	0	7	0	
	2010	10	1	1	13	0.07692308	
	2010	10	2	0	14	0	
	2010	11	1	0	33	0	
	2010	11	2	0	15	0	
	2010	12	1	1	49	0.02040816	
	2010	12	2	1	17	0.05882353	
	2010	13	1	3	51	0.05882353	
	2010	13	2	0	22	0	
	2010	14	1	3	79	0.03797468	
	2010	14	2	3	37	0.08108108	
	2010	15	1	3	71	0.04225352	
	2010	15	2	3	62	0.0483871	
	2010	16	1	13	141	0.09219858	
	2010	16	2	2	119	0.01680672	
	2010	17	1	19	155	0.1225806	
	2010	17	2	17	198	0.08585859	
	2010	18	1	25	135	0.1851852	
	2010	18	2	36	179	0.2011173	
	2010	19	1	13	40	0.325	
	2010	19	2	33	93	0.3548387	
	2010	20	1	4	8	0.5	
	2010	20	2	12	34	0.3529412	
	2011	5	1	0	1	0	
	2011	5	2	0	2	0	
	2011	6	2	0	1	0	
	2011	7	1	0	2	0	
	2011	7	2	0	3	0	
	2011	8	1	0	4	0	
	2011	8	2	0	1	0	
	2011	9	1	0	11	0	
	2011	9	2	0	6	0	
	2011	10	1	0	13	0	
	2011	10	2	0	7	0	
	2011	11	1	0	24	0	
	2011	11	2	0	6	0	
	2011	12	1	0	38	0	
	2011	12	2	0	21	0	
	2011	13	1	1	55	0.01818182	
	2011	13	2	2	34	0.05882353	
	2011	14	1	2	65	0.03076923	
	2011	14	2	2	33	0.06060606	
	2011	15	1	8	84	0.0952381	
	2011	15	2	6	54	0.1111111	
	2011	16	1	9	130	0.06923077	
	2011	16	2	9	98	0.09183673	
	2011	17	1	11	137	0.08029197	
	2011	17	2	5	146	0.03424658	
	2011	18	1	20	106	0.1886792	
	2011	18	2	23	150	0.1533333	
	2011	19	1	8	52	0.1538462	
	2011	19	2	13	81	0.1604938	
	2011	20	1	2	10	0.2	
	2011	20	2	5	15	0.3333333	
	2012	5	1	0	1	0	
	2012	5	2	0	3	0	
	2012	6	1	0	3	0	
	2012	6	2	0	1	0	
	2012	7	1	0	3	0	
	2012	7	2	0	4	0	
	2012	8	1	0	2	0	
	2012	8	2	0	4	0	
	2012	9	1	0	6	0	
	2012	9	2	0	9	0	
	2012	10	1	0	15	0	
	2012	10	2	0	11	0	
	2012	11	1	0	13	0	
	2012	11	2	1	13	0.07692308	
	2012	12	1	0	32	0	
	2012	12	2	0	15	0	
	2012	13	1	2	45	0.04444444	
	2012	13	2	2	33	0.06060606	
	2012	14	1	5	79	0.06329114	
	2012	14	2	2	39	0.05128205	
	2012	15	1	3	72	0.04166667	
	2012	15	2	1	69	0.01449275	
	2012	16	1	12	85	0.1411765	
	2012	16	2	8	77	0.1038961	
	2012	17	1	10	91	0.1098901	
	2012	17	2	19	127	0.1496063	
	2012	18	1	10	69	0.1449275	
	2012	18	2	18	115	0.1565217	
	2012	19	1	15	44	0.3409091	
	2012	19	2	21	78	0.2692308	
	2012	20	1	2	10	0.2	
	2012	20	2	4	16	0.25	
	2013	5	2	0	2	0	
	2013	6	1	0	1	0	
	2013	7	1	0	1	0	
	2013	7	2	0	6	0	
	2013	8	1	0	3	0	
	2013	8	2	0	3	0	
	2013	9	1	0	15	0	
	2013	9	2	0	8	0	
	2013	10	1	0	13	0	
	2013	10	2	0	7	0	
	2013	11	1	0	21	0	
	2013	11	2	0	9	0	
	2013	12	1	0	28	0	
	2013	12	2	1	11	0.09090909	
	2013	13	1	3	45	0.06666667	
	2013	13	2	1	14	0.07142857	
	2013	14	1	2	44	0.04545455	
	2013	14	2	2	38	0.05263158	
	2013	15	1	1	64	0.015625	
	2013	15	2	4	68	0.05882353	
	2013	16	1	7	93	0.07526882	
	2013	16	2	4	85	0.04705882	
	2013	17	1	10	107	0.09345794	
	2013	17	2	14	113	0.1238938	
	2013	18	1	11	80	0.1375	
	2013	18	2	22	120	0.1833333	
	2013	19	1	12	40	0.3	
	2013	19	2	19	73	0.260274	
	2013	20	1	2	9	0.2222222	
	2013	20	2	10	27	0.3703704	
	2014	5	2	0	1	0	
	2014	6	2	0	3	0	
	2014	8	1	0	6	0	
	2014	8	2	0	3	0	
	2014	9	1	0	9	0	
	2014	9	2	0	2	0	
	2014	10	1	0	13	0	
	2014	10	2	0	11	0	
	2014	11	1	0	32	0	
	2014	11	2	0	11	0	
	2014	12	1	0	25	0	
	2014	12	2	0	16	0	
	2014	13	1	1	41	0.02439024	
	2014	13	2	3	20	0.15	
	2014	14	1	1	43	0.02325581	
	2014	14	2	1	22	0.04545455	
	2014	15	1	2	56	0.03571429	
	2014	15	2	2	43	0.04651163	
	2014	16	1	7	68	0.1029412	
	2014	16	2	5	55	0.09090909	
	2014	17	1	6	70	0.08571429	
	2014	17	2	7	89	0.07865169	
	2014	18	1	11	64	0.171875	
	2014	18	2	22	113	0.1946903	
	2014	19	1	6	26	0.2307692	
	2014	19	2	13	54	0.2407407	
	2014	20	1	0	2	0	
	2014	20	2	5	12	0.4166667	
	2015	5	1	0	3	0	
	2015	5	2	0	3	0	
	2015	6	1	0	1	0	
	2015	6	2	0	1	0	
	2015	7	1	0	5	0	
	2015	7	2	0	2	0	
	2015	8	1	0	6	0	
	2015	8	2	0	10	0	
	2015	9	1	0	6	0	
	2015	9	2	0	6	0	
	2015	10	1	0	11	0	
	2015	10	2	0	8	0	
	2015	11	1	0	14	0	
	2015	11	2	0	11	0	
	2015	12	1	0	24	0	
	2015	12	2	0	17	0	
	2015	13	1	1	35	0.02857143	
	2015	13	2	0	27	0	
	2015	14	1	1	54	0.01851852	
	2015	14	2	0	31	0	
	2015	15	1	1	63	0.01587302	
	2015	15	2	0	44	0	
	2015	16	1	2	56	0.03571429	
	2015	16	2	2	56	0.03571429	
	2015	17	1	6	66	0.09090909	
	2015	17	2	14	69	0.2028986	
	2015	18	1	9	57	0.1578947	
	2015	18	2	9	80	0.1125	
	2015	19	1	6	26	0.2307692	
	2015	19	2	14	50	0.28	
	2015	20	1	2	3	0.6666667	
	2015	20	2	0	13	0	
	2016	5	1	0	1	0	
	2016	5	2	0	4	0	
	2016	6	1	0	1	0	
	2016	6	2	0	3	0	
	2016	7	1	0	7	0	
	2016	7	2	0	6	0	
	2016	8	1	0	3	0	
	2016	8	2	0	3	0	
	2016	9	1	0	12	0	
	2016	9	2	0	3	0	
	2016	10	1	0	14	0	
	2016	10	2	0	9	0	
	2016	11	1	0	22	0	
	2016	11	2	1	9	0.1111111	
	2016	12	1	0	22	0	
	2016	12	2	0	11	0	
	2016	13	1	0	29	0	
	2016	13	2	0	20	0	
	2016	14	1	0	38	0	
	2016	14	2	0	16	0	
	2016	15	1	1	53	0.01886792	
	2016	15	2	1	30	0.03333333	
	2016	16	1	1	48	0.02083333	
	2016	16	2	2	38	0.05263158	
	2016	17	1	6	62	0.09677419	
	2016	17	2	5	71	0.07042254	
	2016	18	1	3	33	0.09090909	
	2016	18	2	5	71	0.07042254	
	2016	19	1	2	21	0.0952381	
	2016	19	2	9	42	0.2142857	
	2016	20	1	0	3	0	
	2016	20	2	1	11	0.09090909	
	2017	5	1	0	3	0	
	2017	5	2	0	3	0	
	2017	6	1	0	3	0	
	2017	6	2	0	2	0	
	2017	7	1	0	5	0	
	2017	8	1	0	7	0	
	2017	8	2	0	3	0	
	2017	9	1	0	4	0	
	2017	9	2	0	10	0	
	2017	10	1	0	12	0	
	2017	10	2	0	12	0	
	2017	11	1	0	13	0	
	2017	11	2	0	12	0	
	2017	12	1	0	28	0	
	2017	12	2	0	19	0	
	2017	13	1	0	33	0	
	2017	13	2	0	18	0	
	2017	14	1	1	37	0.02702703	
	2017	14	2	1	22	0.04545455	
	2017	15	1	2	56	0.03571429	
	2017	15	2	1	47	0.0212766	
	2017	16	1	1	38	0.02631579	
	2017	16	2	1	44	0.02272727	
	2017	17	1	5	50	0.1	
	2017	17	2	2	67	0.02985075	
	2017	18	1	5	32	0.15625	
	2017	18	2	9	49	0.1836735	
	2017	19	1	7	25	0.28	
	2017	19	2	12	35	0.3428571	
	2017	20	1	3	9	0.3333333	
	2017	20	2	3	11	0.2727273	
	2018	5	1	0	1	0	
	2018	5	2	0	3	0	
	2018	6	1	0	4	0	
	2018	6	2	0	1	0	
	2018	7	1	0	5	0	
	2018	7	2	0	4	0	
	2018	8	1	0	1	0	
	2018	8	2	0	6	0	
	2018	9	1	0	5	0	
	2018	9	2	0	15	0	
	2018	10	1	0	18	0	
	2018	10	2	0	14	0	
	2018	11	1	0	22	0	
	2018	11	2	0	11	0	
	2018	12	1	0	40	0	
	2018	12	2	0	17	0	
	2018	13	1	0	43	0	
	2018	13	2	0	24	0	
	2018	14	1	1	45	0.02222222	
	2018	14	2	0	23	0	
	2018	15	1	3	53	0.05660377	
	2018	15	2	0	43	0	
	2018	16	1	3	55	0.05454545	
	2018	16	2	1	52	0.01923077	
	2018	17	1	4	34	0.1176471	
	2018	17	2	5	51	0.09803922	
	2018	18	1	5	37	0.1351351	
	2018	18	2	5	75	0.06666667	
	2018	19	1	4	20	0.2	
	2018	19	2	12	42	0.2857143	
	2018	20	1	2	4	0.5	
	2018	20	2	1	10	0.1	
	2019	5	1	0	1	0	
	2019	5	2	0	1	0	
	2019	6	1	0	3	0	
	2019	6	2	0	2	0	
	2019	7	1	0	3	0	
	2019	7	2	0	2	0	
	2019	8	1	0	2	0	
	2019	8	2	0	9	0	
	2019	9	1	0	10	0	
	2019	9	2	0	11	0	
	2019	10	1	0	10	0	
	2019	10	2	0	14	0	
	2019	11	1	0	26	0	
	2019	11	2	0	19	0	
	2019	12	1	0	36	0	
	2019	12	2	0	17	0	
	2019	13	1	0	53	0	
	2019	13	2	0	24	0	
	2019	14	1	0	40	0	
	2019	14	2	0	26	0	
	2019	15	1	0	38	0	
	2019	15	2	0	42	0	
	2019	16	1	1	65	0.01538462	
	2019	16	2	0	51	0	
	2019	17	1	1	44	0.02272727	
	2019	17	2	5	62	0.08064516	
	2019	18	1	3	33	0.09090909	
	2019	18	2	9	63	0.1428571	
	2019	19	1	4	22	0.1818182	
	2019	19	2	10	38	0.2631579	
	2019	20	1	1	2	0.5	
	2019	20	2	5	12	0.4166667	
