
	A3_07_M Diagnostische Katheter der Koronargefässe ohne HD Herzinfarkt ohne weitere OP (Alter >19), Mortalität // Cathétérisme diagnostique des vaisseaux coronaires sans DP infarctus du myocarde sans autre OP (âge >19), mortalité // Catetere diagnostico dei vasi coronarici senza DP infarto miocardico senza altre OP (età >19), mortalità
	BAG/OFSP/UFSP - CH-IQI Version V5-2 - Daten 2019 - 21. April 2021

	Jahr	AltEGrp	Sex	DeathCH	CasesCH	pCH	
	2008	5	1	0	19	0	
	2008	5	2	0	2	0	
	2008	6	1	0	22	0	
	2008	6	2	0	2	0	
	2008	7	1	0	45	0	
	2008	7	2	1	12	0.08333333	
	2008	8	1	0	84	0	
	2008	8	2	0	42	0	
	2008	9	1	2	214	0.009345794	
	2008	9	2	0	54	0	
	2008	10	1	1	345	0.002898551	
	2008	10	2	1	118	0.008474576	
	2008	11	1	3	551	0.005444646	
	2008	11	2	1	225	0.004444444	
	2008	12	1	6	762	0.007874016	
	2008	12	2	2	302	0.006622517	
	2008	13	1	5	1077	0.004642526	
	2008	13	2	3	522	0.005747126	
	2008	14	1	6	1038	0.005780347	
	2008	14	2	2	596	0.003355705	
	2008	15	1	10	1048	0.009541985	
	2008	15	2	3	632	0.004746835	
	2008	16	1	14	754	0.01856764	
	2008	16	2	5	614	0.008143322	
	2008	17	1	6	410	0.01463415	
	2008	17	2	3	332	0.009036145	
	2008	18	1	1	114	0.00877193	
	2008	18	2	3	96	0.03125	
	2008	19	1	0	8	0	
	2008	19	2	0	14	0	
	2009	5	1	0	20	0	
	2009	5	2	0	6	0	
	2009	6	1	0	27	0	
	2009	6	2	1	6	0.1666667	
	2009	7	1	1	35	0.02857143	
	2009	7	2	0	14	0	
	2009	8	1	0	87	0	
	2009	8	2	0	30	0	
	2009	9	1	2	177	0.01129944	
	2009	9	2	0	66	0	
	2009	10	1	1	313	0.003194888	
	2009	10	2	0	113	0	
	2009	11	1	0	524	0	
	2009	11	2	3	243	0.01234568	
	2009	12	1	4	749	0.005340454	
	2009	12	2	5	276	0.01811594	
	2009	13	1	2	1004	0.001992032	
	2009	13	2	5	486	0.01028807	
	2009	14	1	3	1034	0.002901354	
	2009	14	2	1	558	0.001792115	
	2009	15	1	8	993	0.008056395	
	2009	15	2	4	590	0.006779661	
	2009	16	1	10	797	0.01254705	
	2009	16	2	5	621	0.00805153	
	2009	17	1	16	412	0.03883495	
	2009	17	2	5	367	0.01362398	
	2009	18	1	3	127	0.02362205	
	2009	18	2	5	154	0.03246753	
	2009	19	1	0	13	0	
	2009	19	2	0	16	0	
	2009	20	2	1	2	0.5	
	2010	5	1	0	14	0	
	2010	5	2	1	3	0.3333333	
	2010	6	1	0	22	0	
	2010	6	2	0	7	0	
	2010	7	1	0	38	0	
	2010	7	2	0	13	0	
	2010	8	1	0	85	0	
	2010	8	2	1	25	0.04	
	2010	9	1	0	171	0	
	2010	9	2	1	61	0.01639344	
	2010	10	1	1	347	0.002881844	
	2010	10	2	1	147	0.006802721	
	2010	11	1	3	512	0.005859375	
	2010	11	2	1	219	0.00456621	
	2010	12	1	2	753	0.002656042	
	2010	12	2	2	368	0.005434783	
	2010	13	1	3	1029	0.002915452	
	2010	13	2	2	469	0.004264392	
	2010	14	1	12	1151	0.01042572	
	2010	14	2	2	687	0.002911208	
	2010	15	1	3	1053	0.002849003	
	2010	15	2	3	636	0.004716981	
	2010	16	1	10	932	0.01072961	
	2010	16	2	2	708	0.002824859	
	2010	17	1	4	483	0.008281573	
	2010	17	2	3	460	0.006521739	
	2010	18	1	2	135	0.01481481	
	2010	18	2	1	148	0.006756757	
	2010	19	1	1	19	0.05263158	
	2010	19	2	0	21	0	
	2010	20	1	0	2	0	
	2011	5	1	0	6	0	
	2011	5	2	0	6	0	
	2011	6	1	0	27	0	
	2011	6	2	0	5	0	
	2011	7	1	0	30	0	
	2011	7	2	0	16	0	
	2011	8	1	0	79	0	
	2011	8	2	0	25	0	
	2011	9	1	0	176	0	
	2011	9	2	0	62	0	
	2011	10	1	2	339	0.005899705	
	2011	10	2	0	134	0	
	2011	11	1	3	522	0.005747126	
	2011	11	2	1	224	0.004464286	
	2011	12	1	6	745	0.008053691	
	2011	12	2	2	322	0.00621118	
	2011	13	1	3	1026	0.002923977	
	2011	13	2	4	470	0.008510638	
	2011	14	1	4	1102	0.003629764	
	2011	14	2	1	658	0.001519757	
	2011	15	1	7	983	0.007121058	
	2011	15	2	4	683	0.005856515	
	2011	16	1	10	925	0.01081081	
	2011	16	2	7	673	0.01040119	
	2011	17	1	4	563	0.007104796	
	2011	17	2	3	484	0.006198347	
	2011	18	1	2	165	0.01212121	
	2011	18	2	1	170	0.005882353	
	2011	19	1	1	19	0.05263158	
	2011	19	2	0	17	0	
	2012	5	1	0	11	0	
	2012	5	2	0	5	0	
	2012	6	1	0	21	0	
	2012	6	2	0	1	0	
	2012	7	1	2	33	0.06060606	
	2012	7	2	0	13	0	
	2012	8	1	0	81	0	
	2012	8	2	1	16	0.0625	
	2012	9	1	0	163	0	
	2012	9	2	1	37	0.02702703	
	2012	10	1	2	279	0.007168459	
	2012	10	2	1	138	0.007246377	
	2012	11	1	1	444	0.002252252	
	2012	11	2	0	175	0	
	2012	12	1	5	654	0.00764526	
	2012	12	2	1	282	0.003546099	
	2012	13	1	7	846	0.008274232	
	2012	13	2	2	430	0.004651163	
	2012	14	1	6	1094	0.005484461	
	2012	14	2	3	595	0.005042017	
	2012	15	1	4	924	0.004329004	
	2012	15	2	4	658	0.006079027	
	2012	16	1	18	832	0.02163462	
	2012	16	2	5	654	0.00764526	
	2012	17	1	12	477	0.02515723	
	2012	17	2	6	425	0.01411765	
	2012	18	1	4	142	0.02816901	
	2012	18	2	0	168	0	
	2012	19	1	0	17	0	
	2012	19	2	2	23	0.08695652	
	2012	20	1	0	1	0	
	2012	20	2	0	2	0	
	2013	5	1	0	17	0	
	2013	5	2	0	2	0	
	2013	6	1	0	18	0	
	2013	6	2	0	5	0	
	2013	7	1	0	39	0	
	2013	7	2	0	5	0	
	2013	8	1	1	65	0.01538462	
	2013	8	2	0	30	0	
	2013	9	1	2	170	0.01176471	
	2013	9	2	2	49	0.04081633	
	2013	10	1	0	318	0	
	2013	10	2	2	120	0.01666667	
	2013	11	1	3	480	0.00625	
	2013	11	2	3	197	0.01522843	
	2013	12	1	2	626	0.003194888	
	2013	12	2	2	316	0.006329114	
	2013	13	1	13	836	0.01555024	
	2013	13	2	3	449	0.006681514	
	2013	14	1	9	1040	0.008653846	
	2013	14	2	5	642	0.007788162	
	2013	15	1	13	1008	0.01289683	
	2013	15	2	8	618	0.01294498	
	2013	16	1	10	909	0.0110011	
	2013	16	2	3	692	0.00433526	
	2013	17	1	6	587	0.01022147	
	2013	17	2	7	529	0.01323251	
	2013	18	1	6	179	0.03351955	
	2013	18	2	3	186	0.01612903	
	2013	19	1	0	26	0	
	2013	19	2	1	33	0.03030303	
	2013	20	1	0	2	0	
	2013	20	2	0	1	0	
	2014	5	1	1	13	0.07692308	
	2014	5	2	0	2	0	
	2014	6	1	0	34	0	
	2014	6	2	0	1	0	
	2014	7	1	1	50	0.02	
	2014	7	2	1	17	0.05882353	
	2014	8	1	1	64	0.015625	
	2014	8	2	0	25	0	
	2014	9	1	1	143	0.006993007	
	2014	9	2	1	61	0.01639344	
	2014	10	1	0	316	0	
	2014	10	2	4	111	0.03603604	
	2014	11	1	3	510	0.005882353	
	2014	11	2	6	207	0.02898551	
	2014	12	1	6	731	0.008207934	
	2014	12	2	0	328	0	
	2014	13	1	16	869	0.01841197	
	2014	13	2	2	465	0.004301075	
	2014	14	1	9	1069	0.008419083	
	2014	14	2	2	638	0.003134796	
	2014	15	1	16	1114	0.01436266	
	2014	15	2	7	760	0.009210526	
	2014	16	1	11	985	0.01116751	
	2014	16	2	9	790	0.01139241	
	2014	17	1	12	650	0.01846154	
	2014	17	2	6	532	0.0112782	
	2014	18	1	5	227	0.02202643	
	2014	18	2	2	238	0.008403361	
	2014	19	1	3	46	0.06521739	
	2014	19	2	0	36	0	
	2014	20	1	0	2	0	
	2014	20	2	0	1	0	
	2015	5	1	0	27	0	
	2015	5	2	0	3	0	
	2015	6	1	0	32	0	
	2015	6	2	0	2	0	
	2015	7	1	0	52	0	
	2015	7	2	0	9	0	
	2015	8	1	0	81	0	
	2015	8	2	0	19	0	
	2015	9	1	2	129	0.01550388	
	2015	9	2	1	47	0.0212766	
	2015	10	1	2	294	0.006802721	
	2015	10	2	1	126	0.007936508	
	2015	11	1	7	467	0.01498929	
	2015	11	2	2	245	0.008163265	
	2015	12	1	4	697	0.005738881	
	2015	12	2	2	325	0.006153846	
	2015	13	1	4	854	0.004683841	
	2015	13	2	4	472	0.008474576	
	2015	14	1	17	1066	0.01594747	
	2015	14	2	3	627	0.004784689	
	2015	15	1	15	1135	0.01321586	
	2015	15	2	8	764	0.0104712	
	2015	16	1	14	982	0.01425662	
	2015	16	2	10	768	0.01302083	
	2015	17	1	14	693	0.02020202	
	2015	17	2	9	628	0.01433121	
	2015	18	1	7	284	0.02464789	
	2015	18	2	4	243	0.01646091	
	2015	19	1	2	46	0.04347826	
	2015	19	2	0	42	0	
	2015	20	2	0	5	0	
	2016	5	1	0	26	0	
	2016	5	2	0	1	0	
	2016	6	1	1	32	0.03125	
	2016	6	2	0	5	0	
	2016	7	1	0	40	0	
	2016	7	2	0	4	0	
	2016	8	1	1	64	0.015625	
	2016	8	2	0	23	0	
	2016	9	1	3	155	0.01935484	
	2016	9	2	1	56	0.01785714	
	2016	10	1	5	257	0.01945525	
	2016	10	2	0	123	0	
	2016	11	1	8	520	0.01538462	
	2016	11	2	0	222	0	
	2016	12	1	6	722	0.008310249	
	2016	12	2	3	308	0.00974026	
	2016	13	1	3	817	0.003671971	
	2016	13	2	3	475	0.006315789	
	2016	14	1	8	1039	0.007699711	
	2016	14	2	4	585	0.006837607	
	2016	15	1	18	1263	0.01425178	
	2016	15	2	9	826	0.01089588	
	2016	16	1	17	1027	0.01655307	
	2016	16	2	13	815	0.01595092	
	2016	17	1	13	724	0.0179558	
	2016	17	2	5	601	0.008319468	
	2016	18	1	11	269	0.04089219	
	2016	18	2	7	278	0.02517986	
	2016	19	1	2	38	0.05263158	
	2016	19	2	4	51	0.07843137	
	2016	20	1	0	2	0	
	2016	20	2	0	2	0	
	2017	5	1	0	14	0	
	2017	5	2	0	3	0	
	2017	6	1	0	23	0	
	2017	6	2	0	4	0	
	2017	7	1	1	44	0.02272727	
	2017	7	2	0	11	0	
	2017	8	1	0	94	0	
	2017	8	2	2	26	0.07692308	
	2017	9	1	3	137	0.02189781	
	2017	9	2	1	47	0.0212766	
	2017	10	1	1	269	0.003717472	
	2017	10	2	0	98	0	
	2017	11	1	6	449	0.01336303	
	2017	11	2	2	218	0.009174312	
	2017	12	1	9	644	0.01397516	
	2017	12	2	3	297	0.01010101	
	2017	13	1	13	782	0.01662404	
	2017	13	2	3	414	0.007246377	
	2017	14	1	9	982	0.009164969	
	2017	14	2	9	629	0.01430843	
	2017	15	1	14	1233	0.01135442	
	2017	15	2	8	847	0.0094451	
	2017	16	1	14	992	0.0141129	
	2017	16	2	9	789	0.01140684	
	2017	17	1	18	730	0.02465753	
	2017	17	2	7	632	0.01107595	
	2017	18	1	5	262	0.01908397	
	2017	18	2	6	301	0.01993355	
	2017	19	1	2	62	0.03225806	
	2017	19	2	1	48	0.02083333	
	2017	20	1	1	4	0.25	
	2017	20	2	0	2	0	
	2018	5	1	0	22	0	
	2018	5	2	0	1	0	
	2018	6	1	0	23	0	
	2018	6	2	0	10	0	
	2018	7	1	0	43	0	
	2018	7	2	0	10	0	
	2018	8	1	3	77	0.03896104	
	2018	8	2	0	24	0	
	2018	9	1	3	132	0.02272727	
	2018	9	2	0	56	0	
	2018	10	1	4	253	0.01581028	
	2018	10	2	2	103	0.01941748	
	2018	11	1	1	461	0.002169197	
	2018	11	2	3	196	0.01530612	
	2018	12	1	5	563	0.008880995	
	2018	12	2	4	299	0.01337793	
	2018	13	1	11	793	0.01387137	
	2018	13	2	1	386	0.002590674	
	2018	14	1	8	879	0.009101251	
	2018	14	2	2	535	0.003738318	
	2018	15	1	16	1096	0.01459854	
	2018	15	2	11	777	0.01415701	
	2018	16	1	18	1053	0.01709402	
	2018	16	2	6	800	0.0075	
	2018	17	1	15	754	0.0198939	
	2018	17	2	11	650	0.01692308	
	2018	18	1	6	323	0.01857585	
	2018	18	2	5	323	0.01547988	
	2018	19	1	2	74	0.02702703	
	2018	19	2	3	74	0.04054054	
	2018	20	1	0	11	0	
	2018	20	2	0	7	0	
	2019	5	1	0	9	0	
	2019	5	2	0	1	0	
	2019	6	1	0	21	0	
	2019	6	2	0	3	0	
	2019	7	1	0	47	0	
	2019	7	2	0	7	0	
	2019	8	1	3	69	0.04347826	
	2019	8	2	1	16	0.0625	
	2019	9	1	2	122	0.01639344	
	2019	9	2	1	44	0.02272727	
	2019	10	1	5	232	0.02155172	
	2019	10	2	1	78	0.01282051	
	2019	11	1	5	427	0.0117096	
	2019	11	2	1	192	0.005208333	
	2019	12	1	7	677	0.01033973	
	2019	12	2	3	273	0.01098901	
	2019	13	1	10	782	0.01278772	
	2019	13	2	5	409	0.01222494	
	2019	14	1	7	845	0.008284024	
	2019	14	2	4	487	0.008213552	
	2019	15	1	19	1061	0.01790763	
	2019	15	2	8	713	0.0112202	
	2019	16	1	25	1102	0.02268603	
	2019	16	2	9	788	0.01142132	
	2019	17	1	18	722	0.02493075	
	2019	17	2	6	589	0.01018676	
	2019	18	1	12	361	0.033241	
	2019	18	2	6	354	0.01694915	
	2019	19	1	0	58	0	
	2019	19	2	3	67	0.04477612	
	2019	20	1	0	3	0	
	2019	20	2	0	11	0	
