
	E5_06_M Partielle und totale Magenresektionen bei anderer Diagnose, Mortalität // Gastrectomies partielles ou totales pour autre diagnostic, mortalité // Resezione gastrica parziale o totale per altra diagnosi, mortalità
	BAG/OFSP/UFSP - CH-IQI Version V5-2 - Daten 2019 - 21. April 2021

	Jahr	AltEGrp	Sex	DeathCH	CasesCH	pCH	
	2008	4	1	0	8	0	
	2008	4	2	0	13	0	
	2008	5	1	1	21	0.04761905	
	2008	5	2	0	52	0	
	2008	6	1	0	21	0	
	2008	6	2	0	86	0	
	2008	7	1	0	26	0	
	2008	7	2	0	128	0	
	2008	8	1	0	39	0	
	2008	8	2	0	140	0	
	2008	9	1	0	49	0	
	2008	9	2	0	144	0	
	2008	10	1	0	41	0	
	2008	10	2	0	129	0	
	2008	11	1	1	54	0.01851852	
	2008	11	2	0	107	0	
	2008	12	1	3	54	0.05555556	
	2008	12	2	1	76	0.01315789	
	2008	13	1	2	15	0.1333333	
	2008	13	2	0	53	0	
	2008	14	1	4	24	0.1666667	
	2008	14	2	4	24	0.1666667	
	2008	15	1	1	22	0.04545455	
	2008	15	2	2	19	0.1052632	
	2008	16	1	3	17	0.1764706	
	2008	16	2	0	11	0	
	2008	17	1	3	9	0.3333333	
	2008	17	2	2	9	0.2222222	
	2008	18	1	3	3	1	
	2008	18	2	1	3	0.3333333	
	2008	19	2	0	3	0	
	2008	20	2	1	1	1	
	2009	4	1	0	8	0	
	2009	4	2	0	8	0	
	2009	5	1	0	11	0	
	2009	5	2	0	56	0	
	2009	6	1	0	24	0	
	2009	6	2	0	89	0	
	2009	7	1	0	25	0	
	2009	7	2	0	120	0	
	2009	8	1	0	35	0	
	2009	8	2	1	155	0.006451613	
	2009	9	1	0	71	0	
	2009	9	2	0	157	0	
	2009	10	1	0	65	0	
	2009	10	2	0	132	0	
	2009	11	1	0	56	0	
	2009	11	2	1	123	0.008130081	
	2009	12	1	0	57	0	
	2009	12	2	1	82	0.01219512	
	2009	13	1	2	31	0.06451613	
	2009	13	2	3	56	0.05357143	
	2009	14	1	2	23	0.08695652	
	2009	14	2	2	29	0.06896552	
	2009	15	1	1	14	0.07142857	
	2009	15	2	1	17	0.05882353	
	2009	16	1	5	15	0.3333333	
	2009	16	2	6	25	0.24	
	2009	17	1	2	9	0.2222222	
	2009	17	2	1	14	0.07142857	
	2009	18	1	0	2	0	
	2009	18	2	1	2	0.5	
	2009	19	2	0	1	0	
	2010	2	2	0	1	0	
	2010	3	1	0	1	0	
	2010	4	1	0	8	0	
	2010	4	2	0	10	0	
	2010	5	1	0	16	0	
	2010	5	2	0	75	0	
	2010	6	1	0	19	0	
	2010	6	2	0	94	0	
	2010	7	1	0	34	0	
	2010	7	2	0	107	0	
	2010	8	1	1	64	0.015625	
	2010	8	2	0	144	0	
	2010	9	1	0	66	0	
	2010	9	2	1	172	0.005813953	
	2010	10	1	2	74	0.02702703	
	2010	10	2	0	166	0	
	2010	11	1	2	64	0.03125	
	2010	11	2	1	114	0.00877193	
	2010	12	1	0	52	0	
	2010	12	2	0	94	0	
	2010	13	1	0	47	0	
	2010	13	2	2	63	0.03174603	
	2010	14	1	4	33	0.1212121	
	2010	14	2	1	30	0.03333333	
	2010	15	1	4	23	0.173913	
	2010	15	2	1	12	0.08333333	
	2010	16	1	5	26	0.1923077	
	2010	16	2	1	15	0.06666667	
	2010	17	1	5	10	0.5	
	2010	17	2	5	11	0.4545455	
	2010	18	1	3	4	0.75	
	2010	18	2	1	7	0.1428571	
	2010	19	2	3	4	0.75	
	2011	3	2	0	1	0	
	2011	4	1	0	10	0	
	2011	4	2	0	16	0	
	2011	5	1	0	30	0	
	2011	5	2	0	98	0	
	2011	6	1	0	38	0	
	2011	6	2	0	143	0	
	2011	7	1	0	44	0	
	2011	7	2	0	165	0	
	2011	8	1	0	73	0	
	2011	8	2	0	231	0	
	2011	9	1	0	88	0	
	2011	9	2	1	250	0.004	
	2011	10	1	0	92	0	
	2011	10	2	0	231	0	
	2011	11	1	1	93	0.01075269	
	2011	11	2	1	184	0.005434783	
	2011	12	1	0	80	0	
	2011	12	2	1	142	0.007042254	
	2011	13	1	2	67	0.02985075	
	2011	13	2	0	85	0	
	2011	14	1	1	41	0.02439024	
	2011	14	2	3	59	0.05084746	
	2011	15	1	0	19	0	
	2011	15	2	2	26	0.07692308	
	2011	16	1	5	24	0.2083333	
	2011	16	2	4	16	0.25	
	2011	17	1	2	9	0.2222222	
	2011	17	2	4	18	0.2222222	
	2011	18	1	3	5	0.6	
	2011	18	2	2	4	0.5	
	2012	3	2	0	2	0	
	2012	4	1	0	8	0	
	2012	4	2	0	16	0	
	2012	5	1	0	30	0	
	2012	5	2	0	65	0	
	2012	6	1	0	27	0	
	2012	6	2	1	97	0.01030928	
	2012	7	1	0	34	0	
	2012	7	2	0	125	0	
	2012	8	1	0	47	0	
	2012	8	2	2	147	0.01360544	
	2012	9	1	0	67	0	
	2012	9	2	0	181	0	
	2012	10	1	0	82	0	
	2012	10	2	0	162	0	
	2012	11	1	0	66	0	
	2012	11	2	1	140	0.007142857	
	2012	12	1	0	65	0	
	2012	12	2	0	109	0	
	2012	13	1	2	52	0.03846154	
	2012	13	2	0	81	0	
	2012	14	1	5	43	0.1162791	
	2012	14	2	0	51	0	
	2012	15	1	1	29	0.03448276	
	2012	15	2	1	23	0.04347826	
	2012	16	1	3	17	0.1764706	
	2012	16	2	4	18	0.2222222	
	2012	17	1	4	14	0.2857143	
	2012	17	2	3	14	0.2142857	
	2012	18	1	0	1	0	
	2012	18	2	2	9	0.2222222	
	2012	19	2	0	2	0	
	2013	1	1	0	1	0	
	2013	4	1	0	9	0	
	2013	4	2	0	11	0	
	2013	5	1	0	15	0	
	2013	5	2	0	64	0	
	2013	6	1	0	29	0	
	2013	6	2	0	92	0	
	2013	7	1	0	42	0	
	2013	7	2	0	135	0	
	2013	8	1	0	63	0	
	2013	8	2	0	137	0	
	2013	9	1	0	77	0	
	2013	9	2	0	166	0	
	2013	10	1	1	76	0.01315789	
	2013	10	2	0	152	0	
	2013	11	1	2	75	0.02666667	
	2013	11	2	1	139	0.007194245	
	2013	12	1	2	79	0.02531646	
	2013	12	2	1	113	0.008849558	
	2013	13	1	2	53	0.03773585	
	2013	13	2	1	79	0.01265823	
	2013	14	1	4	48	0.08333333	
	2013	14	2	2	39	0.05128205	
	2013	15	1	1	22	0.04545455	
	2013	15	2	1	21	0.04761905	
	2013	16	1	3	12	0.25	
	2013	16	2	0	17	0	
	2013	17	1	1	7	0.1428571	
	2013	17	2	2	8	0.25	
	2013	18	1	0	1	0	
	2013	18	2	0	5	0	
	2013	19	1	0	2	0	
	2013	20	2	1	1	1	
	2014	1	2	0	2	0	
	2014	3	2	0	1	0	
	2014	4	1	0	8	0	
	2014	4	2	0	15	0	
	2014	5	1	0	25	0	
	2014	5	2	0	74	0	
	2014	6	1	0	36	0	
	2014	6	2	0	115	0	
	2014	7	1	0	36	0	
	2014	7	2	0	114	0	
	2014	8	1	0	60	0	
	2014	8	2	0	131	0	
	2014	9	1	1	68	0.01470588	
	2014	9	2	0	145	0	
	2014	10	1	0	78	0	
	2014	10	2	0	156	0	
	2014	11	1	0	75	0	
	2014	11	2	1	142	0.007042254	
	2014	12	1	4	62	0.06451613	
	2014	12	2	1	87	0.01149425	
	2014	13	1	2	50	0.04	
	2014	13	2	1	64	0.015625	
	2014	14	1	2	36	0.05555556	
	2014	14	2	2	49	0.04081633	
	2014	15	1	3	25	0.12	
	2014	15	2	2	27	0.07407407	
	2014	16	1	4	15	0.2666667	
	2014	16	2	0	13	0	
	2014	17	1	3	10	0.3	
	2014	17	2	1	8	0.125	
	2014	18	1	2	2	1	
	2014	18	2	0	4	0	
	2014	19	2	0	1	0	
	2015	4	1	0	21	0	
	2015	4	2	0	34	0	
	2015	5	1	0	50	0	
	2015	5	2	0	246	0	
	2015	6	1	0	65	0	
	2015	6	2	0	327	0	
	2015	7	1	0	84	0	
	2015	7	2	1	356	0.002808989	
	2015	8	1	0	117	0	
	2015	8	2	0	457	0	
	2015	9	1	0	152	0	
	2015	9	2	0	467	0	
	2015	10	1	0	168	0	
	2015	10	2	1	498	0.002008032	
	2015	11	1	1	180	0.005555556	
	2015	11	2	0	377	0	
	2015	12	1	1	132	0.007575758	
	2015	12	2	0	266	0	
	2015	13	1	1	110	0.009090909	
	2015	13	2	0	169	0	
	2015	14	1	3	77	0.03896104	
	2015	14	2	1	89	0.01123596	
	2015	15	1	4	29	0.137931	
	2015	15	2	2	28	0.07142857	
	2015	16	1	4	21	0.1904762	
	2015	16	2	2	14	0.1428571	
	2015	17	1	4	10	0.4	
	2015	17	2	2	17	0.1176471	
	2015	18	1	1	5	0.2	
	2015	18	2	2	4	0.5	
	2015	19	1	0	2	0	
	2015	19	2	0	1	0	
	2016	2	1	0	1	0	
	2016	3	1	0	1	0	
	2016	3	2	0	2	0	
	2016	4	1	0	18	0	
	2016	4	2	0	59	0	
	2016	5	1	0	77	0	
	2016	5	2	0	253	0	
	2016	6	1	0	85	0	
	2016	6	2	0	377	0	
	2016	7	1	0	122	0	
	2016	7	2	0	428	0	
	2016	8	1	0	144	0	
	2016	8	2	0	471	0	
	2016	9	1	0	167	0	
	2016	9	2	0	502	0	
	2016	10	1	0	214	0	
	2016	10	2	0	538	0	
	2016	11	1	1	214	0.004672897	
	2016	11	2	2	485	0.004123711	
	2016	12	1	1	147	0.006802721	
	2016	12	2	0	329	0	
	2016	13	1	1	95	0.01052632	
	2016	13	2	2	188	0.0106383	
	2016	14	1	1	70	0.01428571	
	2016	14	2	3	111	0.02702703	
	2016	15	1	1	30	0.03333333	
	2016	15	2	4	36	0.1111111	
	2016	16	1	1	17	0.05882353	
	2016	16	2	3	24	0.125	
	2016	17	1	2	10	0.2	
	2016	17	2	2	7	0.2857143	
	2016	18	1	1	1	1	
	2016	18	2	0	5	0	
	2016	19	1	0	1	0	
	2016	19	2	0	4	0	
	2017	4	1	0	30	0	
	2017	4	2	0	58	0	
	2017	5	1	0	45	0	
	2017	5	2	0	241	0	
	2017	6	1	0	108	0	
	2017	6	2	0	387	0	
	2017	7	1	1	115	0.008695652	
	2017	7	2	0	423	0	
	2017	8	1	0	140	0	
	2017	8	2	0	508	0	
	2017	9	1	1	175	0.005714286	
	2017	9	2	0	515	0	
	2017	10	1	0	188	0	
	2017	10	2	0	549	0	
	2017	11	1	1	211	0.004739336	
	2017	11	2	1	464	0.002155172	
	2017	12	1	0	155	0	
	2017	12	2	0	349	0	
	2017	13	1	3	103	0.02912621	
	2017	13	2	2	189	0.01058201	
	2017	14	1	1	69	0.01449275	
	2017	14	2	2	105	0.01904762	
	2017	15	1	4	38	0.1052632	
	2017	15	2	6	44	0.1363636	
	2017	16	1	2	21	0.0952381	
	2017	16	2	1	19	0.05263158	
	2017	17	1	1	6	0.1666667	
	2017	17	2	2	11	0.1818182	
	2017	18	1	2	3	0.6666667	
	2017	18	2	1	9	0.1111111	
	2017	19	1	0	1	0	
	2017	19	2	1	1	1	
	2018	3	2	0	1	0	
	2018	4	1	0	36	0	
	2018	4	2	0	52	0	
	2018	5	1	0	66	0	
	2018	5	2	0	264	0	
	2018	6	1	0	81	0	
	2018	6	2	0	438	0	
	2018	7	1	0	111	0	
	2018	7	2	0	459	0	
	2018	8	1	0	132	0	
	2018	8	2	0	474	0	
	2018	9	1	0	158	0	
	2018	9	2	0	490	0	
	2018	10	1	1	185	0.005405405	
	2018	10	2	1	543	0.001841621	
	2018	11	1	0	226	0	
	2018	11	2	0	474	0	
	2018	12	1	2	183	0.01092896	
	2018	12	2	0	343	0	
	2018	13	1	1	116	0.00862069	
	2018	13	2	1	202	0.004950495	
	2018	14	1	2	63	0.03174603	
	2018	14	2	1	119	0.008403361	
	2018	15	1	4	37	0.1081081	
	2018	15	2	2	55	0.03636364	
	2018	16	1	2	13	0.1538462	
	2018	16	2	3	19	0.1578947	
	2018	17	1	5	11	0.4545455	
	2018	17	2	1	8	0.125	
	2018	18	1	1	5	0.2	
	2018	18	2	2	5	0.4	
	2018	19	2	2	2	1	
	2019	3	2	0	1	0	
	2019	4	1	1	16	0.0625	
	2019	4	2	0	55	0	
	2019	5	1	0	45	0	
	2019	5	2	0	244	0	
	2019	6	1	0	104	0	
	2019	6	2	0	441	0	
	2019	7	1	0	131	0	
	2019	7	2	1	460	0.002173913	
	2019	8	1	2	140	0.01428571	
	2019	8	2	0	501	0	
	2019	9	1	1	148	0.006756757	
	2019	9	2	0	527	0	
	2019	10	1	1	156	0.006410256	
	2019	10	2	0	491	0	
	2019	11	1	0	194	0	
	2019	11	2	0	503	0	
	2019	12	1	4	167	0.0239521	
	2019	12	2	1	351	0.002849003	
	2019	13	1	0	117	0	
	2019	13	2	1	166	0.006024096	
	2019	14	1	1	65	0.01538462	
	2019	14	2	2	96	0.02083333	
	2019	15	1	4	42	0.0952381	
	2019	15	2	3	43	0.06976744	
	2019	16	1	3	22	0.1363636	
	2019	16	2	1	17	0.05882353	
	2019	17	1	0	9	0	
	2019	17	2	1	16	0.0625	
	2019	18	1	1	6	0.1666667	
	2019	18	2	0	6	0	
	2019	19	1	2	3	0.6666667	
	2019	19	2	2	3	0.6666667	
	2019	20	1	0	1	0	
