
	A3_11_M Diagnostische Katheter der Koronargefässe ohne HD Herzinfarkt ohne OP am Herzen (Alter >19), Zuverlegungen, Mortalität // Cathétérisme diagnostique des vaisseaux coronaires sans DP infarctus du myocarde sans OP du cœur (âge >19), transféré d'un autre hôpital, mortalité // Catetere diagnostico dei vasi coronarici senza DP infarto miocardico senza OP al cuore (età >19), trasferito da un altro ospedale, mortalità
	BAG/OFSP/UFSP - CH-IQI Version V5-2 - Daten 2019 - 21. April 2021

	Jahr	AltEGrp	Sex	DeathCH	CasesCH	pCH	
	2008	5	1	0	3	0	
	2008	5	2	0	1	0	
	2008	6	1	0	8	0	
	2008	6	2	0	1	0	
	2008	7	1	0	9	0	
	2008	7	2	1	3	0.3333333	
	2008	8	1	0	20	0	
	2008	8	2	0	9	0	
	2008	9	1	0	28	0	
	2008	9	2	0	7	0	
	2008	10	1	0	38	0	
	2008	10	2	0	16	0	
	2008	11	1	1	39	0.02564103	
	2008	11	2	0	20	0	
	2008	12	1	2	58	0.03448276	
	2008	12	2	1	33	0.03030303	
	2008	13	1	0	72	0	
	2008	13	2	1	25	0.04	
	2008	14	1	1	74	0.01351351	
	2008	14	2	1	52	0.01923077	
	2008	15	1	5	79	0.06329114	
	2008	15	2	0	59	0	
	2008	16	1	2	64	0.03125	
	2008	16	2	0	63	0	
	2008	17	1	3	34	0.08823529	
	2008	17	2	1	34	0.02941176	
	2008	18	1	0	17	0	
	2008	18	2	1	10	0.1	
	2008	19	2	0	3	0	
	2009	5	1	0	3	0	
	2009	5	2	0	1	0	
	2009	6	1	0	4	0	
	2009	7	1	0	7	0	
	2009	7	2	0	3	0	
	2009	8	1	0	18	0	
	2009	8	2	0	3	0	
	2009	9	1	0	28	0	
	2009	9	2	0	5	0	
	2009	10	1	0	35	0	
	2009	10	2	0	9	0	
	2009	11	1	0	54	0	
	2009	11	2	1	24	0.04166667	
	2009	12	1	2	58	0.03448276	
	2009	12	2	1	24	0.04166667	
	2009	13	1	0	71	0	
	2009	13	2	2	32	0.0625	
	2009	14	1	0	62	0	
	2009	14	2	0	37	0	
	2009	15	1	0	69	0	
	2009	15	2	1	61	0.01639344	
	2009	16	1	1	64	0.015625	
	2009	16	2	1	59	0.01694915	
	2009	17	1	4	36	0.1111111	
	2009	17	2	0	38	0	
	2009	18	1	0	14	0	
	2009	18	2	0	11	0	
	2009	19	1	0	2	0	
	2009	19	2	0	5	0	
	2010	5	1	0	2	0	
	2010	5	2	0	1	0	
	2010	6	1	0	4	0	
	2010	6	2	0	1	0	
	2010	7	1	0	9	0	
	2010	7	2	0	1	0	
	2010	8	1	0	22	0	
	2010	8	2	1	6	0.1666667	
	2010	9	1	0	27	0	
	2010	9	2	0	7	0	
	2010	10	1	0	40	0	
	2010	10	2	0	22	0	
	2010	11	1	1	57	0.01754386	
	2010	11	2	0	19	0	
	2010	12	1	0	67	0	
	2010	12	2	1	29	0.03448276	
	2010	13	1	1	90	0.01111111	
	2010	13	2	3	35	0.08571429	
	2010	14	1	3	100	0.03	
	2010	14	2	2	55	0.03636364	
	2010	15	1	1	78	0.01282051	
	2010	15	2	2	64	0.03125	
	2010	16	1	3	99	0.03030303	
	2010	16	2	0	66	0	
	2010	17	1	1	67	0.01492537	
	2010	17	2	1	59	0.01694915	
	2010	18	1	0	18	0	
	2010	18	2	0	21	0	
	2010	19	1	0	3	0	
	2011	5	1	0	3	0	
	2011	6	1	0	7	0	
	2011	6	2	0	1	0	
	2011	7	1	0	8	0	
	2011	7	2	0	4	0	
	2011	8	1	0	20	0	
	2011	8	2	0	1	0	
	2011	9	1	0	29	0	
	2011	9	2	0	7	0	
	2011	10	1	1	45	0.02222222	
	2011	10	2	0	26	0	
	2011	11	1	1	47	0.0212766	
	2011	11	2	0	27	0	
	2011	12	1	1	64	0.015625	
	2011	12	2	0	24	0	
	2011	13	1	0	82	0	
	2011	13	2	3	39	0.07692308	
	2011	14	1	1	83	0.01204819	
	2011	14	2	0	54	0	
	2011	15	1	2	71	0.02816901	
	2011	15	2	2	60	0.03333333	
	2011	16	1	5	91	0.05494505	
	2011	16	2	2	81	0.02469136	
	2011	17	1	0	69	0	
	2011	17	2	1	65	0.01538462	
	2011	18	1	0	22	0	
	2011	18	2	0	27	0	
	2011	19	1	0	2	0	
	2011	19	2	0	1	0	
	2012	5	1	0	4	0	
	2012	6	1	0	9	0	
	2012	7	1	0	5	0	
	2012	7	2	0	1	0	
	2012	8	1	0	10	0	
	2012	8	2	1	5	0.2	
	2012	9	1	0	27	0	
	2012	9	2	0	11	0	
	2012	10	1	0	45	0	
	2012	10	2	1	19	0.05263158	
	2012	11	1	2	49	0.04081633	
	2012	11	2	0	19	0	
	2012	12	1	2	56	0.03571429	
	2012	12	2	1	25	0.04	
	2012	13	1	2	77	0.02597403	
	2012	13	2	1	33	0.03030303	
	2012	14	1	3	95	0.03157895	
	2012	14	2	1	63	0.01587302	
	2012	15	1	1	79	0.01265823	
	2012	15	2	3	71	0.04225352	
	2012	16	1	2	72	0.02777778	
	2012	16	2	3	71	0.04225352	
	2012	17	1	3	45	0.06666667	
	2012	17	2	2	48	0.04166667	
	2012	18	1	0	21	0	
	2012	18	2	1	18	0.05555556	
	2012	19	1	0	3	0	
	2012	19	2	1	3	0.3333333	
	2013	5	1	0	7	0	
	2013	5	2	0	2	0	
	2013	6	1	0	8	0	
	2013	7	1	1	16	0.0625	
	2013	7	2	0	3	0	
	2013	8	1	1	11	0.09090909	
	2013	8	2	0	3	0	
	2013	9	1	0	28	0	
	2013	9	2	0	12	0	
	2013	10	1	0	32	0	
	2013	10	2	0	8	0	
	2013	11	1	2	51	0.03921569	
	2013	11	2	1	18	0.05555556	
	2013	12	1	1	42	0.02380952	
	2013	12	2	1	32	0.03125	
	2013	13	1	1	65	0.01538462	
	2013	13	2	1	45	0.02222222	
	2013	14	1	4	80	0.05	
	2013	14	2	3	68	0.04411765	
	2013	15	1	2	83	0.02409639	
	2013	15	2	3	67	0.04477612	
	2013	16	1	2	84	0.02380952	
	2013	16	2	0	66	0	
	2013	17	1	0	67	0	
	2013	17	2	2	54	0.03703704	
	2013	18	1	1	15	0.06666667	
	2013	18	2	1	22	0.04545455	
	2013	19	1	0	2	0	
	2013	19	2	0	3	0	
	2013	20	1	0	1	0	
	2014	5	1	0	5	0	
	2014	5	2	0	1	0	
	2014	6	1	1	9	0.1111111	
	2014	6	2	0	1	0	
	2014	7	1	0	10	0	
	2014	7	2	0	2	0	
	2014	8	1	0	8	0	
	2014	8	2	0	6	0	
	2014	9	1	0	23	0	
	2014	9	2	1	8	0.125	
	2014	10	1	0	30	0	
	2014	10	2	1	18	0.05555556	
	2014	11	1	0	57	0	
	2014	11	2	1	18	0.05555556	
	2014	12	1	1	54	0.01851852	
	2014	12	2	0	33	0	
	2014	13	1	3	52	0.05769231	
	2014	13	2	1	44	0.02272727	
	2014	14	1	0	80	0	
	2014	14	2	1	61	0.01639344	
	2014	15	1	6	87	0.06896552	
	2014	15	2	0	57	0	
	2014	16	1	6	99	0.06060606	
	2014	16	2	1	76	0.01315789	
	2014	17	1	1	63	0.01587302	
	2014	17	2	4	62	0.06451613	
	2014	18	1	2	21	0.0952381	
	2014	18	2	0	19	0	
	2014	19	1	0	5	0	
	2014	19	2	0	2	0	
	2014	20	1	0	1	0	
	2015	5	1	0	9	0	
	2015	6	1	0	13	0	
	2015	7	1	0	13	0	
	2015	7	2	0	4	0	
	2015	8	1	0	18	0	
	2015	8	2	0	6	0	
	2015	9	1	0	19	0	
	2015	9	2	0	7	0	
	2015	10	1	1	38	0.02631579	
	2015	10	2	1	17	0.05882353	
	2015	11	1	2	52	0.03846154	
	2015	11	2	1	23	0.04347826	
	2015	12	1	0	58	0	
	2015	12	2	0	36	0	
	2015	13	1	2	66	0.03030303	
	2015	13	2	1	30	0.03333333	
	2015	14	1	2	98	0.02040816	
	2015	14	2	0	72	0	
	2015	15	1	3	87	0.03448276	
	2015	15	2	1	69	0.01449275	
	2015	16	1	3	84	0.03571429	
	2015	16	2	2	87	0.02298851	
	2015	17	1	1	79	0.01265823	
	2015	17	2	0	59	0	
	2015	18	1	0	25	0	
	2015	18	2	3	27	0.1111111	
	2015	19	1	0	6	0	
	2015	19	2	0	4	0	
	2016	5	1	0	10	0	
	2016	6	1	0	6	0	
	2016	7	1	0	8	0	
	2016	8	1	0	9	0	
	2016	8	2	0	5	0	
	2016	9	1	0	23	0	
	2016	9	2	2	9	0.2222222	
	2016	10	1	0	39	0	
	2016	10	2	0	20	0	
	2016	11	1	3	57	0.05263158	
	2016	11	2	1	18	0.05555556	
	2016	12	1	0	50	0	
	2016	12	2	0	28	0	
	2016	13	1	1	51	0.01960784	
	2016	13	2	2	61	0.03278689	
	2016	14	1	3	78	0.03846154	
	2016	14	2	2	49	0.04081633	
	2016	15	1	4	98	0.04081633	
	2016	15	2	2	76	0.02631579	
	2016	16	1	5	85	0.05882353	
	2016	16	2	5	87	0.05747126	
	2016	17	1	1	69	0.01449275	
	2016	17	2	1	59	0.01694915	
	2016	18	1	2	23	0.08695652	
	2016	18	2	1	34	0.02941176	
	2016	19	1	0	9	0	
	2016	19	2	0	1	0	
	2016	20	2	0	1	0	
	2017	5	1	0	7	0	
	2017	5	2	0	1	0	
	2017	6	1	0	6	0	
	2017	6	2	0	4	0	
	2017	7	1	0	10	0	
	2017	8	1	0	15	0	
	2017	8	2	0	5	0	
	2017	9	1	0	16	0	
	2017	9	2	0	6	0	
	2017	10	1	0	41	0	
	2017	10	2	0	8	0	
	2017	11	1	2	45	0.04444444	
	2017	11	2	0	27	0	
	2017	12	1	2	48	0.04166667	
	2017	12	2	0	34	0	
	2017	13	1	3	71	0.04225352	
	2017	13	2	0	40	0	
	2017	14	1	1	84	0.01190476	
	2017	14	2	3	64	0.046875	
	2017	15	1	3	93	0.03225806	
	2017	15	2	1	74	0.01351351	
	2017	16	1	5	78	0.06410256	
	2017	16	2	1	68	0.01470588	
	2017	17	1	2	66	0.03030303	
	2017	17	2	0	66	0	
	2017	18	1	2	21	0.0952381	
	2017	18	2	1	39	0.02564103	
	2017	19	1	0	4	0	
	2017	19	2	0	5	0	
	2017	20	2	0	1	0	
	2018	5	1	0	5	0	
	2018	5	2	0	1	0	
	2018	6	1	0	7	0	
	2018	6	2	0	2	0	
	2018	7	1	0	6	0	
	2018	7	2	0	1	0	
	2018	8	1	1	12	0.08333333	
	2018	8	2	1	4	0.25	
	2018	9	1	0	18	0	
	2018	9	2	0	7	0	
	2018	10	1	0	38	0	
	2018	10	2	0	14	0	
	2018	11	1	0	38	0	
	2018	11	2	1	24	0.04166667	
	2018	12	1	1	56	0.01785714	
	2018	12	2	1	36	0.02777778	
	2018	13	1	1	57	0.01754386	
	2018	13	2	1	32	0.03125	
	2018	14	1	3	71	0.04225352	
	2018	14	2	1	62	0.01612903	
	2018	15	1	3	71	0.04225352	
	2018	15	2	4	64	0.0625	
	2018	16	1	7	83	0.08433735	
	2018	16	2	1	82	0.01219512	
	2018	17	1	1	54	0.01851852	
	2018	17	2	3	74	0.04054054	
	2018	18	1	1	36	0.02777778	
	2018	18	2	1	49	0.02040816	
	2018	19	1	1	9	0.1111111	
	2018	19	2	1	8	0.125	
	2018	20	1	0	3	0	
	2018	20	2	0	1	0	
	2019	5	1	0	3	0	
	2019	6	1	0	3	0	
	2019	6	2	0	2	0	
	2019	7	1	0	8	0	
	2019	7	2	0	4	0	
	2019	8	1	0	14	0	
	2019	8	2	0	3	0	
	2019	9	1	0	20	0	
	2019	9	2	0	7	0	
	2019	10	1	0	25	0	
	2019	10	2	0	8	0	
	2019	11	1	2	50	0.04	
	2019	11	2	1	23	0.04347826	
	2019	12	1	0	69	0	
	2019	12	2	1	34	0.02941176	
	2019	13	1	3	54	0.05555556	
	2019	13	2	1	40	0.025	
	2019	14	1	1	79	0.01265823	
	2019	14	2	0	64	0	
	2019	15	1	2	74	0.02702703	
	2019	15	2	2	75	0.02666667	
	2019	16	1	6	93	0.06451613	
	2019	16	2	1	77	0.01298701	
	2019	17	1	4	64	0.0625	
	2019	17	2	2	61	0.03278689	
	2019	18	1	0	28	0	
	2019	18	2	1	43	0.02325581	
	2019	19	1	0	9	0	
	2019	19	2	0	11	0	
	2019	20	2	0	2	0	
