
	E4_06_M Kolorektale Resektionen bei Divertikel mit Abszess/Perforation, Mortalität // Résections colorectales pour diverticule avec abcès/perforation, mortalité // Resezioni colorettali per diverticolo con ascesso/perforazione, mortalità
	BAG/OFSP/UFSP - CH-IQI Version V5-2 - Daten 2019 - 21. April 2021

	Jahr	AltEGrp	Sex	DeathCH	CasesCH	pCH	
	2008	5	2	0	2	0	
	2008	6	1	0	5	0	
	2008	6	2	0	1	0	
	2008	7	1	0	5	0	
	2008	7	2	0	3	0	
	2008	8	1	0	17	0	
	2008	8	2	0	3	0	
	2008	9	1	0	26	0	
	2008	9	2	0	12	0	
	2008	10	1	0	35	0	
	2008	10	2	0	20	0	
	2008	11	1	0	48	0	
	2008	11	2	0	24	0	
	2008	12	1	1	59	0.01694915	
	2008	12	2	1	49	0.02040816	
	2008	13	1	3	58	0.05172414	
	2008	13	2	1	73	0.01369863	
	2008	14	1	0	58	0	
	2008	14	2	4	67	0.05970149	
	2008	15	1	1	55	0.01818182	
	2008	15	2	3	84	0.03571429	
	2008	16	1	2	49	0.04081633	
	2008	16	2	17	105	0.1619048	
	2008	17	1	10	31	0.3225806	
	2008	17	2	6	80	0.075	
	2008	18	1	5	13	0.3846154	
	2008	18	2	5	44	0.1136364	
	2008	19	1	0	1	0	
	2008	19	2	9	25	0.36	
	2008	20	2	0	1	0	
	2009	4	1	0	1	0	
	2009	5	2	0	1	0	
	2009	6	1	0	1	0	
	2009	6	2	0	1	0	
	2009	7	1	0	8	0	
	2009	7	2	0	1	0	
	2009	8	1	0	25	0	
	2009	8	2	0	1	0	
	2009	9	1	0	38	0	
	2009	9	2	0	10	0	
	2009	10	1	0	30	0	
	2009	10	2	0	19	0	
	2009	11	1	3	55	0.05454545	
	2009	11	2	1	45	0.02222222	
	2009	12	1	0	59	0	
	2009	12	2	0	44	0	
	2009	13	1	4	59	0.06779661	
	2009	13	2	0	66	0	
	2009	14	1	4	60	0.06666667	
	2009	14	2	3	79	0.03797468	
	2009	15	1	4	66	0.06060606	
	2009	15	2	5	78	0.06410256	
	2009	16	1	4	46	0.08695652	
	2009	16	2	7	118	0.05932203	
	2009	17	1	5	33	0.1515152	
	2009	17	2	12	91	0.1318681	
	2009	18	1	3	7	0.4285714	
	2009	18	2	18	59	0.3050847	
	2009	19	1	3	5	0.6	
	2009	19	2	6	16	0.375	
	2010	4	2	0	1	0	
	2010	5	1	0	1	0	
	2010	6	1	0	5	0	
	2010	7	1	0	17	0	
	2010	7	2	0	2	0	
	2010	8	1	0	17	0	
	2010	8	2	0	2	0	
	2010	9	1	0	30	0	
	2010	9	2	0	11	0	
	2010	10	1	0	48	0	
	2010	10	2	0	22	0	
	2010	11	1	2	50	0.04	
	2010	11	2	0	26	0	
	2010	12	1	0	50	0	
	2010	12	2	0	37	0	
	2010	13	1	1	66	0.01515152	
	2010	13	2	1	62	0.01612903	
	2010	14	1	0	58	0	
	2010	14	2	4	80	0.05	
	2010	15	1	5	45	0.1111111	
	2010	15	2	3	67	0.04477612	
	2010	16	1	3	37	0.08108108	
	2010	16	2	4	96	0.04166667	
	2010	17	1	6	32	0.1875	
	2010	17	2	17	100	0.17	
	2010	18	1	2	7	0.2857143	
	2010	18	2	8	41	0.195122	
	2010	19	1	1	1	1	
	2010	19	2	4	17	0.2352941	
	2010	20	2	0	1	0	
	2011	4	1	0	1	0	
	2011	5	1	0	3	0	
	2011	6	1	1	6	0.1666667	
	2011	6	2	0	1	0	
	2011	7	1	0	7	0	
	2011	7	2	0	2	0	
	2011	8	1	0	16	0	
	2011	8	2	0	5	0	
	2011	9	1	0	22	0	
	2011	9	2	0	10	0	
	2011	10	1	0	45	0	
	2011	10	2	0	21	0	
	2011	11	1	1	52	0.01923077	
	2011	11	2	0	34	0	
	2011	12	1	1	50	0.02	
	2011	12	2	0	40	0	
	2011	13	1	1	59	0.01694915	
	2011	13	2	0	81	0	
	2011	14	1	3	56	0.05357143	
	2011	14	2	1	83	0.01204819	
	2011	15	1	2	59	0.03389831	
	2011	15	2	2	85	0.02352941	
	2011	16	1	5	37	0.1351351	
	2011	16	2	8	76	0.1052632	
	2011	17	1	6	23	0.2608696	
	2011	17	2	14	99	0.1414141	
	2011	18	1	4	8	0.5	
	2011	18	2	11	47	0.2340426	
	2011	19	1	4	8	0.5	
	2011	19	2	6	19	0.3157895	
	2012	5	1	0	2	0	
	2012	6	1	0	5	0	
	2012	7	1	0	8	0	
	2012	7	2	0	2	0	
	2012	8	1	0	10	0	
	2012	8	2	0	4	0	
	2012	9	1	0	42	0	
	2012	9	2	0	10	0	
	2012	10	1	0	54	0	
	2012	10	2	0	27	0	
	2012	11	1	0	51	0	
	2012	11	2	0	32	0	
	2012	12	1	0	53	0	
	2012	12	2	0	43	0	
	2012	13	1	2	68	0.02941176	
	2012	13	2	1	69	0.01449275	
	2012	14	1	4	60	0.06666667	
	2012	14	2	1	74	0.01351351	
	2012	15	1	1	64	0.015625	
	2012	15	2	4	94	0.04255319	
	2012	16	1	1	54	0.01851852	
	2012	16	2	10	108	0.09259259	
	2012	17	1	5	34	0.1470588	
	2012	17	2	7	102	0.06862745	
	2012	18	1	1	11	0.09090909	
	2012	18	2	7	53	0.1320755	
	2012	19	1	2	3	0.6666667	
	2012	19	2	6	20	0.3	
	2012	20	2	1	1	1	
	2013	5	1	0	2	0	
	2013	6	1	0	5	0	
	2013	7	1	0	8	0	
	2013	7	2	0	3	0	
	2013	8	1	0	14	0	
	2013	8	2	0	3	0	
	2013	9	1	0	24	0	
	2013	9	2	0	13	0	
	2013	10	1	0	52	0	
	2013	10	2	0	26	0	
	2013	11	1	0	65	0	
	2013	11	2	0	34	0	
	2013	12	1	0	52	0	
	2013	12	2	1	49	0.02040816	
	2013	13	1	1	57	0.01754386	
	2013	13	2	0	52	0	
	2013	14	1	0	50	0	
	2013	14	2	2	74	0.02702703	
	2013	15	1	3	59	0.05084746	
	2013	15	2	2	90	0.02222222	
	2013	16	1	3	46	0.06521739	
	2013	16	2	7	94	0.07446809	
	2013	17	1	6	38	0.1578947	
	2013	17	2	12	109	0.1100917	
	2013	18	1	1	16	0.0625	
	2013	18	2	12	59	0.2033898	
	2013	19	1	1	3	0.3333333	
	2013	19	2	4	16	0.25	
	2013	20	2	0	1	0	
	2014	6	1	0	4	0	
	2014	6	2	0	2	0	
	2014	7	1	0	10	0	
	2014	7	2	0	1	0	
	2014	8	1	0	21	0	
	2014	8	2	0	5	0	
	2014	9	1	0	28	0	
	2014	9	2	0	12	0	
	2014	10	1	0	51	0	
	2014	10	2	0	21	0	
	2014	11	1	0	58	0	
	2014	11	2	1	27	0.03703704	
	2014	12	1	1	55	0.01818182	
	2014	12	2	1	53	0.01886792	
	2014	13	1	0	53	0	
	2014	13	2	0	81	0	
	2014	14	1	3	60	0.05	
	2014	14	2	1	93	0.01075269	
	2014	15	1	1	49	0.02040816	
	2014	15	2	1	83	0.01204819	
	2014	16	1	6	45	0.1333333	
	2014	16	2	8	96	0.08333333	
	2014	17	1	2	30	0.06666667	
	2014	17	2	7	92	0.07608696	
	2014	18	1	7	20	0.35	
	2014	18	2	8	51	0.1568627	
	2014	19	1	0	2	0	
	2014	19	2	2	13	0.1538462	
	2014	20	2	0	1	0	
	2015	5	1	0	2	0	
	2015	6	1	0	1	0	
	2015	6	2	0	1	0	
	2015	7	1	0	10	0	
	2015	7	2	0	2	0	
	2015	8	1	0	27	0	
	2015	8	2	0	6	0	
	2015	9	1	0	30	0	
	2015	9	2	0	6	0	
	2015	10	1	0	41	0	
	2015	10	2	0	16	0	
	2015	11	1	0	52	0	
	2015	11	2	0	28	0	
	2015	12	1	0	60	0	
	2015	12	2	0	36	0	
	2015	13	1	1	66	0.01515152	
	2015	13	2	2	65	0.03076923	
	2015	14	1	3	62	0.0483871	
	2015	14	2	2	97	0.02061856	
	2015	15	1	2	52	0.03846154	
	2015	15	2	1	115	0.008695652	
	2015	16	1	0	36	0	
	2015	16	2	5	111	0.04504505	
	2015	17	1	6	47	0.1276596	
	2015	17	2	7	90	0.07777778	
	2015	18	1	7	16	0.4375	
	2015	18	2	8	61	0.1311475	
	2015	19	1	2	2	1	
	2015	19	2	3	14	0.2142857	
	2015	20	1	0	1	0	
	2015	20	2	0	2	0	
	2016	6	1	0	11	0	
	2016	7	1	0	8	0	
	2016	8	1	0	20	0	
	2016	8	2	0	3	0	
	2016	9	1	0	36	0	
	2016	9	2	0	6	0	
	2016	10	1	0	53	0	
	2016	10	2	0	17	0	
	2016	11	1	0	62	0	
	2016	11	2	1	51	0.01960784	
	2016	12	1	0	65	0	
	2016	12	2	0	56	0	
	2016	13	1	2	57	0.03508772	
	2016	13	2	0	74	0	
	2016	14	1	2	65	0.03076923	
	2016	14	2	1	86	0.01162791	
	2016	15	1	1	56	0.01785714	
	2016	15	2	1	96	0.01041667	
	2016	16	1	3	50	0.06	
	2016	16	2	6	98	0.06122449	
	2016	17	1	7	25	0.28	
	2016	17	2	8	86	0.09302326	
	2016	18	1	0	11	0	
	2016	18	2	3	49	0.06122449	
	2016	19	1	2	7	0.2857143	
	2016	19	2	4	24	0.1666667	
	2016	20	1	0	1	0	
	2016	20	2	2	3	0.6666667	
	2017	4	1	0	1	0	
	2017	5	1	0	1	0	
	2017	6	1	0	5	0	
	2017	7	1	0	19	0	
	2017	8	1	0	28	0	
	2017	8	2	0	3	0	
	2017	9	1	0	30	0	
	2017	9	2	0	8	0	
	2017	10	1	0	44	0	
	2017	10	2	0	28	0	
	2017	11	1	0	73	0	
	2017	11	2	0	36	0	
	2017	12	1	0	57	0	
	2017	12	2	0	72	0	
	2017	13	1	1	73	0.01369863	
	2017	13	2	2	67	0.02985075	
	2017	14	1	0	78	0	
	2017	14	2	1	106	0.009433962	
	2017	15	1	1	49	0.02040816	
	2017	15	2	2	108	0.01851852	
	2017	16	1	2	34	0.05882353	
	2017	16	2	4	89	0.04494382	
	2017	17	1	2	29	0.06896552	
	2017	17	2	8	94	0.08510638	
	2017	18	1	2	12	0.1666667	
	2017	18	2	9	63	0.1428571	
	2017	19	1	1	3	0.3333333	
	2017	19	2	4	19	0.2105263	
	2018	4	2	0	1	0	
	2018	6	1	0	6	0	
	2018	7	1	0	19	0	
	2018	7	2	0	1	0	
	2018	8	1	0	21	0	
	2018	8	2	0	6	0	
	2018	9	1	0	38	0	
	2018	9	2	0	5	0	
	2018	10	1	0	34	0	
	2018	10	2	0	27	0	
	2018	11	1	0	74	0	
	2018	11	2	0	49	0	
	2018	12	1	0	60	0	
	2018	12	2	1	56	0.01785714	
	2018	13	1	2	77	0.02597403	
	2018	13	2	0	70	0	
	2018	14	1	0	74	0	
	2018	14	2	2	90	0.02222222	
	2018	15	1	4	76	0.05263158	
	2018	15	2	4	107	0.03738318	
	2018	16	1	3	50	0.06	
	2018	16	2	1	101	0.00990099	
	2018	17	1	3	40	0.075	
	2018	17	2	4	93	0.04301075	
	2018	18	1	1	14	0.07142857	
	2018	18	2	7	49	0.1428571	
	2018	19	1	0	3	0	
	2018	19	2	6	16	0.375	
	2018	20	2	0	2	0	
	2019	5	1	0	1	0	
	2019	6	1	0	4	0	
	2019	6	2	0	1	0	
	2019	7	1	0	15	0	
	2019	7	2	0	3	0	
	2019	8	1	0	28	0	
	2019	8	2	0	6	0	
	2019	9	1	0	40	0	
	2019	9	2	0	10	0	
	2019	10	1	0	53	0	
	2019	10	2	0	20	0	
	2019	11	1	0	69	0	
	2019	11	2	0	34	0	
	2019	12	1	0	72	0	
	2019	12	2	0	73	0	
	2019	13	1	0	86	0	
	2019	13	2	0	69	0	
	2019	14	1	0	62	0	
	2019	14	2	1	90	0.01111111	
	2019	15	1	3	76	0.03947368	
	2019	15	2	0	129	0	
	2019	16	1	2	53	0.03773585	
	2019	16	2	1	116	0.00862069	
	2019	17	1	4	34	0.1176471	
	2019	17	2	5	98	0.05102041	
	2019	18	1	6	18	0.3333333	
	2019	18	2	13	50	0.26	
	2019	19	1	1	4	0.25	
	2019	19	2	4	16	0.25	
	2019	20	2	1	2	0.5	
