
	E4_02_M Kolonresektionen bei kolorektalem Karzinom ohne komplizierende Diagnose, Mortalität // Résections du côlon pour cancer colorectal sans diagnostic compliquant, mortalité // Resezioni del colon per carcinoma colorettale senza diagnosi complicante, mortalità
	BAG/OFSP/UFSP - CH-IQI Version V5-2 - Daten 2019 - 21. April 2021

	Jahr	AltEGrp	Sex	DeathCH	CasesCH	pCH	
	2008	4	2	0	2	0	
	2008	5	1	0	2	0	
	2008	5	2	0	3	0	
	2008	6	1	0	2	0	
	2008	6	2	0	7	0	
	2008	7	1	0	3	0	
	2008	7	2	0	5	0	
	2008	8	1	0	4	0	
	2008	8	2	0	10	0	
	2008	9	1	0	26	0	
	2008	9	2	0	25	0	
	2008	10	1	0	35	0	
	2008	10	2	0	28	0	
	2008	11	1	2	63	0.03174603	
	2008	11	2	0	38	0	
	2008	12	1	1	99	0.01010101	
	2008	12	2	3	63	0.04761905	
	2008	13	1	1	151	0.006622517	
	2008	13	2	3	114	0.02631579	
	2008	14	1	5	167	0.02994012	
	2008	14	2	2	108	0.01851852	
	2008	15	1	10	188	0.05319149	
	2008	15	2	4	128	0.03125	
	2008	16	1	8	215	0.0372093	
	2008	16	2	8	169	0.04733728	
	2008	17	1	16	154	0.1038961	
	2008	17	2	3	151	0.01986755	
	2008	18	1	16	79	0.2025316	
	2008	18	2	4	103	0.03883495	
	2008	19	1	3	15	0.2	
	2008	19	2	0	25	0	
	2008	20	1	1	3	0.3333333	
	2008	20	2	0	1	0	
	2009	4	2	0	2	0	
	2009	5	1	0	3	0	
	2009	5	2	0	3	0	
	2009	6	1	0	3	0	
	2009	6	2	0	2	0	
	2009	7	1	0	2	0	
	2009	7	2	0	5	0	
	2009	8	1	0	9	0	
	2009	8	2	0	8	0	
	2009	9	1	0	14	0	
	2009	9	2	0	22	0	
	2009	10	1	0	30	0	
	2009	10	2	0	31	0	
	2009	11	1	0	71	0	
	2009	11	2	1	58	0.01724138	
	2009	12	1	2	96	0.02083333	
	2009	12	2	1	89	0.01123596	
	2009	13	1	1	145	0.006896552	
	2009	13	2	1	94	0.0106383	
	2009	14	1	7	182	0.03846154	
	2009	14	2	0	125	0	
	2009	15	1	8	212	0.03773585	
	2009	15	2	3	147	0.02040816	
	2009	16	1	15	218	0.06880734	
	2009	16	2	10	185	0.05405405	
	2009	17	1	16	139	0.1151079	
	2009	17	2	7	164	0.04268293	
	2009	18	1	14	73	0.1917808	
	2009	18	2	9	103	0.08737864	
	2009	19	1	2	16	0.125	
	2009	19	2	2	17	0.1176471	
	2009	20	1	0	3	0	
	2009	20	2	0	5	0	
	2010	3	2	0	1	0	
	2010	4	2	0	1	0	
	2010	5	2	0	1	0	
	2010	6	2	0	1	0	
	2010	7	1	0	8	0	
	2010	7	2	0	1	0	
	2010	8	1	0	8	0	
	2010	8	2	0	4	0	
	2010	9	1	0	21	0	
	2010	9	2	0	12	0	
	2010	10	1	3	38	0.07894737	
	2010	10	2	1	38	0.02631579	
	2010	11	1	0	61	0	
	2010	11	2	0	44	0	
	2010	12	1	0	81	0	
	2010	12	2	2	59	0.03389831	
	2010	13	1	1	145	0.006896552	
	2010	13	2	3	110	0.02727273	
	2010	14	1	2	170	0.01176471	
	2010	14	2	3	127	0.02362205	
	2010	15	1	8	195	0.04102564	
	2010	15	2	3	151	0.01986755	
	2010	16	1	16	215	0.0744186	
	2010	16	2	6	157	0.03821656	
	2010	17	1	11	167	0.06586826	
	2010	17	2	7	161	0.04347826	
	2010	18	1	6	67	0.08955224	
	2010	18	2	9	86	0.1046512	
	2010	19	1	2	9	0.2222222	
	2010	19	2	3	31	0.09677419	
	2010	20	1	0	1	0	
	2010	20	2	1	2	0.5	
	2011	3	2	0	1	0	
	2011	4	1	0	1	0	
	2011	4	2	0	1	0	
	2011	5	1	0	4	0	
	2011	5	2	0	2	0	
	2011	6	1	0	6	0	
	2011	6	2	0	3	0	
	2011	7	1	0	7	0	
	2011	7	2	0	4	0	
	2011	8	1	0	5	0	
	2011	8	2	0	6	0	
	2011	9	1	0	26	0	
	2011	9	2	0	18	0	
	2011	10	1	0	34	0	
	2011	10	2	0	35	0	
	2011	11	1	1	55	0.01818182	
	2011	11	2	1	62	0.01612903	
	2011	12	1	1	86	0.01162791	
	2011	12	2	0	68	0	
	2011	13	1	1	149	0.006711409	
	2011	13	2	1	97	0.01030928	
	2011	14	1	5	182	0.02747253	
	2011	14	2	3	160	0.01875	
	2011	15	1	9	190	0.04736842	
	2011	15	2	0	130	0	
	2011	16	1	7	189	0.03703704	
	2011	16	2	6	178	0.03370787	
	2011	17	1	11	136	0.08088235	
	2011	17	2	10	173	0.05780347	
	2011	18	1	5	90	0.05555556	
	2011	18	2	8	93	0.08602151	
	2011	19	1	0	17	0	
	2011	19	2	3	26	0.1153846	
	2011	20	1	0	1	0	
	2011	20	2	1	5	0.2	
	2012	4	1	0	1	0	
	2012	4	2	0	1	0	
	2012	5	1	0	2	0	
	2012	5	2	0	3	0	
	2012	6	1	0	3	0	
	2012	6	2	0	5	0	
	2012	7	1	0	2	0	
	2012	7	2	0	2	0	
	2012	8	1	0	8	0	
	2012	8	2	0	12	0	
	2012	9	1	0	16	0	
	2012	9	2	0	17	0	
	2012	10	1	0	29	0	
	2012	10	2	0	33	0	
	2012	11	1	0	58	0	
	2012	11	2	0	50	0	
	2012	12	1	0	109	0	
	2012	12	2	1	66	0.01515152	
	2012	13	1	4	134	0.02985075	
	2012	13	2	2	82	0.02439024	
	2012	14	1	2	157	0.01273885	
	2012	14	2	1	127	0.007874016	
	2012	15	1	10	188	0.05319149	
	2012	15	2	3	129	0.02325581	
	2012	16	1	13	197	0.06598985	
	2012	16	2	2	146	0.01369863	
	2012	17	1	12	154	0.07792208	
	2012	17	2	6	142	0.04225352	
	2012	18	1	10	72	0.1388889	
	2012	18	2	6	99	0.06060606	
	2012	19	1	2	18	0.1111111	
	2012	19	2	4	25	0.16	
	2012	20	1	1	3	0.3333333	
	2012	20	2	1	1	1	
	2013	3	2	0	1	0	
	2013	4	1	0	2	0	
	2013	5	1	0	2	0	
	2013	6	1	0	4	0	
	2013	6	2	0	2	0	
	2013	7	1	0	4	0	
	2013	7	2	0	4	0	
	2013	8	1	0	10	0	
	2013	8	2	0	5	0	
	2013	9	1	2	22	0.09090909	
	2013	9	2	1	22	0.04545455	
	2013	10	1	0	44	0	
	2013	10	2	0	35	0	
	2013	11	1	1	53	0.01886792	
	2013	11	2	0	50	0	
	2013	12	1	1	111	0.009009009	
	2013	12	2	3	75	0.04	
	2013	13	1	2	143	0.01398601	
	2013	13	2	3	85	0.03529412	
	2013	14	1	3	201	0.01492537	
	2013	14	2	2	127	0.01574803	
	2013	15	1	3	174	0.01724138	
	2013	15	2	3	125	0.024	
	2013	16	1	10	181	0.05524862	
	2013	16	2	7	163	0.04294479	
	2013	17	1	11	135	0.08148148	
	2013	17	2	9	146	0.06164384	
	2013	18	1	9	58	0.1551724	
	2013	18	2	5	90	0.05555556	
	2013	19	1	4	17	0.2352941	
	2013	19	2	2	32	0.0625	
	2013	20	1	0	1	0	
	2013	20	2	0	1	0	
	2014	3	2	0	1	0	
	2014	4	1	0	1	0	
	2014	4	2	0	2	0	
	2014	5	1	0	4	0	
	2014	5	2	0	3	0	
	2014	6	1	0	5	0	
	2014	6	2	0	4	0	
	2014	7	1	0	4	0	
	2014	7	2	1	3	0.3333333	
	2014	8	1	0	11	0	
	2014	8	2	0	14	0	
	2014	9	1	0	9	0	
	2014	9	2	0	20	0	
	2014	10	1	0	36	0	
	2014	10	2	0	30	0	
	2014	11	1	0	51	0	
	2014	11	2	0	55	0	
	2014	12	1	0	96	0	
	2014	12	2	1	62	0.01612903	
	2014	13	1	1	136	0.007352941	
	2014	13	2	1	86	0.01162791	
	2014	14	1	3	199	0.01507538	
	2014	14	2	0	111	0	
	2014	15	1	9	187	0.04812834	
	2014	15	2	4	133	0.03007519	
	2014	16	1	11	184	0.05978261	
	2014	16	2	6	190	0.03157895	
	2014	17	1	9	145	0.06206897	
	2014	17	2	9	177	0.05084746	
	2014	18	1	9	60	0.15	
	2014	18	2	9	118	0.07627119	
	2014	19	1	3	20	0.15	
	2014	19	2	1	28	0.03571429	
	2014	20	1	0	3	0	
	2014	20	2	1	4	0.25	
	2015	4	2	0	2	0	
	2015	5	1	0	3	0	
	2015	5	2	0	2	0	
	2015	6	1	0	8	0	
	2015	6	2	0	1	0	
	2015	7	1	0	2	0	
	2015	7	2	0	7	0	
	2015	8	1	0	11	0	
	2015	8	2	0	10	0	
	2015	9	1	0	8	0	
	2015	9	2	0	9	0	
	2015	10	1	0	30	0	
	2015	10	2	0	36	0	
	2015	11	1	0	54	0	
	2015	11	2	0	61	0	
	2015	12	1	2	98	0.02040816	
	2015	12	2	1	77	0.01298701	
	2015	13	1	1	108	0.009259259	
	2015	13	2	0	90	0	
	2015	14	1	2	174	0.01149425	
	2015	14	2	1	122	0.008196721	
	2015	15	1	8	196	0.04081633	
	2015	15	2	3	160	0.01875	
	2015	16	1	6	187	0.03208556	
	2015	16	2	4	151	0.02649007	
	2015	17	1	10	156	0.06410256	
	2015	17	2	6	140	0.04285714	
	2015	18	1	6	79	0.07594937	
	2015	18	2	8	105	0.07619048	
	2015	19	1	3	15	0.2	
	2015	19	2	0	20	0	
	2015	20	1	0	2	0	
	2015	20	2	0	1	0	
	2016	2	1	0	1	0	
	2016	4	1	0	1	0	
	2016	4	2	0	2	0	
	2016	6	1	0	6	0	
	2016	6	2	0	5	0	
	2016	7	1	0	2	0	
	2016	7	2	0	7	0	
	2016	8	1	0	13	0	
	2016	8	2	0	8	0	
	2016	9	1	0	16	0	
	2016	9	2	0	21	0	
	2016	10	1	0	37	0	
	2016	10	2	0	38	0	
	2016	11	1	0	71	0	
	2016	11	2	0	55	0	
	2016	12	1	0	130	0	
	2016	12	2	0	81	0	
	2016	13	1	2	187	0.01069519	
	2016	13	2	0	91	0	
	2016	14	1	2	224	0.008928571	
	2016	14	2	0	150	0	
	2016	15	1	6	226	0.02654867	
	2016	15	2	3	183	0.01639344	
	2016	16	1	4	198	0.02020202	
	2016	16	2	1	171	0.005847953	
	2016	17	1	9	187	0.04812834	
	2016	17	2	7	180	0.03888889	
	2016	18	1	8	70	0.1142857	
	2016	18	2	6	109	0.05504587	
	2016	19	1	1	21	0.04761905	
	2016	19	2	4	39	0.1025641	
	2016	20	1	1	2	0.5	
	2016	20	2	0	2	0	
	2017	4	1	0	1	0	
	2017	4	2	0	1	0	
	2017	5	2	0	4	0	
	2017	6	1	0	1	0	
	2017	6	2	0	6	0	
	2017	7	1	0	7	0	
	2017	7	2	0	6	0	
	2017	8	1	0	12	0	
	2017	8	2	0	17	0	
	2017	9	1	0	20	0	
	2017	9	2	0	19	0	
	2017	10	1	0	50	0	
	2017	10	2	0	30	0	
	2017	11	1	0	81	0	
	2017	11	2	1	58	0.01724138	
	2017	12	1	1	114	0.00877193	
	2017	12	2	0	66	0	
	2017	13	1	3	142	0.02112676	
	2017	13	2	1	100	0.01	
	2017	14	1	2	189	0.01058201	
	2017	14	2	2	119	0.01680672	
	2017	15	1	6	226	0.02654867	
	2017	15	2	3	165	0.01818182	
	2017	16	1	6	190	0.03157895	
	2017	16	2	4	144	0.02777778	
	2017	17	1	14	176	0.07954545	
	2017	17	2	4	167	0.0239521	
	2017	18	1	7	81	0.08641975	
	2017	18	2	7	107	0.06542056	
	2017	19	1	1	13	0.07692308	
	2017	19	2	1	32	0.03125	
	2017	20	1	0	2	0	
	2017	20	2	0	2	0	
	2018	4	2	0	2	0	
	2018	5	2	0	2	0	
	2018	6	1	0	8	0	
	2018	6	2	0	7	0	
	2018	7	1	0	5	0	
	2018	7	2	0	11	0	
	2018	8	1	0	14	0	
	2018	8	2	0	17	0	
	2018	9	1	0	12	0	
	2018	9	2	0	16	0	
	2018	10	1	0	46	0	
	2018	10	2	0	31	0	
	2018	11	1	1	82	0.01219512	
	2018	11	2	0	68	0	
	2018	12	1	0	102	0	
	2018	12	2	1	79	0.01265823	
	2018	13	1	1	143	0.006993007	
	2018	13	2	1	117	0.008547009	
	2018	14	1	4	171	0.02339181	
	2018	14	2	2	136	0.01470588	
	2018	15	1	2	215	0.009302326	
	2018	15	2	2	167	0.01197605	
	2018	16	1	10	196	0.05102041	
	2018	16	2	6	188	0.03191489	
	2018	17	1	5	137	0.03649635	
	2018	17	2	7	173	0.04046243	
	2018	18	1	7	87	0.08045977	
	2018	18	2	3	93	0.03225806	
	2018	19	1	3	17	0.1764706	
	2018	19	2	0	27	0	
	2018	20	2	0	2	0	
	2019	4	1	0	4	0	
	2019	4	2	0	3	0	
	2019	5	1	0	1	0	
	2019	5	2	0	4	0	
	2019	6	1	0	4	0	
	2019	6	2	0	2	0	
	2019	7	1	0	11	0	
	2019	7	2	0	14	0	
	2019	8	1	0	21	0	
	2019	8	2	0	9	0	
	2019	9	1	0	22	0	
	2019	9	2	0	17	0	
	2019	10	1	0	34	0	
	2019	10	2	0	33	0	
	2019	11	1	1	76	0.01315789	
	2019	11	2	1	72	0.01388889	
	2019	12	1	0	90	0	
	2019	12	2	0	89	0	
	2019	13	1	2	137	0.01459854	
	2019	13	2	1	118	0.008474576	
	2019	14	1	5	171	0.02923977	
	2019	14	2	2	142	0.01408451	
	2019	15	1	5	203	0.02463054	
	2019	15	2	0	171	0	
	2019	16	1	9	226	0.03982301	
	2019	16	2	3	159	0.01886792	
	2019	17	1	8	165	0.04848485	
	2019	17	2	3	145	0.02068966	
	2019	18	1	6	84	0.07142857	
	2019	18	2	1	89	0.01123596	
	2019	19	1	2	15	0.1333333	
	2019	19	2	2	35	0.05714286	
	2019	20	1	1	3	0.3333333	
	2019	20	2	1	3	0.3333333	
