
	E7_03_M Pankreasresektionen bei bösartigen Neubildungen des Pankreas (inkl. IPMN, Alter >19), Mortalität // Résections du pancréas en cas de tumeurs malignes du pancréas (TIPMP inclus, âge >19), mortalité // Resezione del pancreas in caso di tumori maligni del pancreas (IPMN inclusi, età >19), mortalità
	BAG/OFSP/UFSP - CH-IQI Version V5-2 - Daten 2019 - 21. April 2021

	Jahr	AltEGrp	Sex	DeathCH	CasesCH	pCH	
	2008	5	1	0	1	0	
	2008	7	2	0	1	0	
	2008	8	1	0	2	0	
	2008	8	2	0	1	0	
	2008	9	1	0	8	0	
	2008	9	2	0	5	0	
	2008	10	1	0	6	0	
	2008	10	2	0	8	0	
	2008	11	1	0	11	0	
	2008	11	2	0	11	0	
	2008	12	1	1	22	0.04545455	
	2008	12	2	0	16	0	
	2008	13	1	2	33	0.06060606	
	2008	13	2	1	23	0.04347826	
	2008	14	1	3	25	0.12	
	2008	14	2	2	32	0.0625	
	2008	15	1	1	28	0.03571429	
	2008	15	2	0	25	0	
	2008	16	1	1	24	0.04166667	
	2008	16	2	0	30	0	
	2008	17	1	2	15	0.1333333	
	2008	17	2	1	13	0.07692308	
	2008	18	1	0	3	0	
	2008	18	2	0	1	0	
	2008	19	1	0	1	0	
	2009	8	1	0	1	0	
	2009	8	2	0	1	0	
	2009	9	1	0	5	0	
	2009	9	2	0	4	0	
	2009	10	1	0	15	0	
	2009	10	2	0	3	0	
	2009	11	1	0	5	0	
	2009	11	2	0	15	0	
	2009	12	1	0	21	0	
	2009	12	2	0	10	0	
	2009	13	1	3	30	0.1	
	2009	13	2	5	30	0.1666667	
	2009	14	1	2	30	0.06666667	
	2009	14	2	0	24	0	
	2009	15	1	0	27	0	
	2009	15	2	1	33	0.03030303	
	2009	16	1	4	21	0.1904762	
	2009	16	2	1	29	0.03448276	
	2009	17	1	2	7	0.2857143	
	2009	17	2	0	16	0	
	2009	18	1	0	1	0	
	2009	18	2	0	2	0	
	2010	5	2	0	1	0	
	2010	7	1	0	1	0	
	2010	7	2	0	2	0	
	2010	8	1	0	2	0	
	2010	9	1	0	3	0	
	2010	9	2	1	5	0.2	
	2010	10	1	0	10	0	
	2010	10	2	0	6	0	
	2010	11	1	2	16	0.125	
	2010	11	2	1	6	0.1666667	
	2010	12	1	1	9	0.1111111	
	2010	12	2	0	18	0	
	2010	13	1	1	31	0.03225806	
	2010	13	2	0	27	0	
	2010	14	1	4	49	0.08163265	
	2010	14	2	2	36	0.05555556	
	2010	15	1	5	33	0.1515152	
	2010	15	2	2	22	0.09090909	
	2010	16	1	0	25	0	
	2010	16	2	1	25	0.04	
	2010	17	1	1	9	0.1111111	
	2010	17	2	2	11	0.1818182	
	2010	18	1	0	2	0	
	2010	18	2	0	1	0	
	2011	5	1	0	1	0	
	2011	7	2	0	2	0	
	2011	8	1	0	2	0	
	2011	8	2	0	2	0	
	2011	9	1	0	4	0	
	2011	9	2	0	5	0	
	2011	10	1	0	5	0	
	2011	10	2	0	11	0	
	2011	11	1	0	14	0	
	2011	11	2	0	9	0	
	2011	12	1	0	20	0	
	2011	12	2	0	11	0	
	2011	13	1	0	33	0	
	2011	13	2	0	17	0	
	2011	14	1	2	37	0.05405405	
	2011	14	2	3	23	0.1304348	
	2011	15	1	3	39	0.07692308	
	2011	15	2	2	37	0.05405405	
	2011	16	1	1	25	0.04	
	2011	16	2	4	22	0.1818182	
	2011	17	1	1	16	0.0625	
	2011	17	2	2	20	0.1	
	2011	18	1	0	2	0	
	2011	18	2	0	1	0	
	2012	6	1	0	1	0	
	2012	6	2	0	3	0	
	2012	7	1	0	3	0	
	2012	7	2	0	2	0	
	2012	8	1	0	2	0	
	2012	9	1	1	10	0.1	
	2012	9	2	0	3	0	
	2012	10	1	0	6	0	
	2012	10	2	0	5	0	
	2012	11	1	0	19	0	
	2012	11	2	0	8	0	
	2012	12	1	0	18	0	
	2012	12	2	2	18	0.1111111	
	2012	13	1	0	34	0	
	2012	13	2	2	30	0.06666667	
	2012	14	1	5	50	0.1	
	2012	14	2	1	29	0.03448276	
	2012	15	1	5	39	0.1282051	
	2012	15	2	1	39	0.02564103	
	2012	16	1	5	23	0.2173913	
	2012	16	2	5	31	0.1612903	
	2012	17	1	1	8	0.125	
	2012	17	2	4	26	0.1538462	
	2012	18	1	1	5	0.2	
	2012	18	2	0	3	0	
	2013	8	1	0	2	0	
	2013	8	2	0	3	0	
	2013	9	1	0	5	0	
	2013	9	2	0	5	0	
	2013	10	1	0	4	0	
	2013	10	2	0	6	0	
	2013	11	1	1	11	0.09090909	
	2013	11	2	0	13	0	
	2013	12	1	1	20	0.05	
	2013	12	2	0	19	0	
	2013	13	1	2	26	0.07692308	
	2013	13	2	3	27	0.1111111	
	2013	14	1	3	34	0.08823529	
	2013	14	2	2	41	0.04878049	
	2013	15	1	3	42	0.07142857	
	2013	15	2	5	38	0.1315789	
	2013	16	1	2	29	0.06896552	
	2013	16	2	2	19	0.1052632	
	2013	17	1	1	9	0.1111111	
	2013	17	2	1	14	0.07142857	
	2013	18	1	1	5	0.2	
	2013	18	2	0	3	0	
	2013	19	1	0	1	0	
	2013	19	2	0	1	0	
	2014	5	1	0	1	0	
	2014	5	2	0	1	0	
	2014	6	1	0	1	0	
	2014	6	2	0	2	0	
	2014	9	1	0	5	0	
	2014	9	2	0	8	0	
	2014	10	1	0	8	0	
	2014	10	2	0	7	0	
	2014	11	1	0	11	0	
	2014	11	2	0	16	0	
	2014	12	1	3	31	0.09677419	
	2014	12	2	1	19	0.05263158	
	2014	13	1	2	28	0.07142857	
	2014	13	2	0	24	0	
	2014	14	1	3	42	0.07142857	
	2014	14	2	2	32	0.0625	
	2014	15	1	1	48	0.02083333	
	2014	15	2	0	40	0	
	2014	16	1	6	29	0.2068966	
	2014	16	2	3	33	0.09090909	
	2014	17	1	3	30	0.1	
	2014	17	2	2	20	0.1	
	2014	18	2	0	4	0	
	2015	5	2	0	3	0	
	2015	6	1	0	1	0	
	2015	7	2	0	2	0	
	2015	8	2	0	2	0	
	2015	9	1	0	6	0	
	2015	9	2	0	4	0	
	2015	10	1	0	9	0	
	2015	10	2	0	7	0	
	2015	11	1	1	14	0.07142857	
	2015	11	2	0	10	0	
	2015	12	1	2	21	0.0952381	
	2015	12	2	0	20	0	
	2015	13	1	0	42	0	
	2015	13	2	1	27	0.03703704	
	2015	14	1	2	39	0.05128205	
	2015	14	2	1	31	0.03225806	
	2015	15	1	1	35	0.02857143	
	2015	15	2	3	36	0.08333333	
	2015	16	1	4	44	0.09090909	
	2015	16	2	3	35	0.08571429	
	2015	17	1	0	14	0	
	2015	17	2	1	22	0.04545455	
	2015	18	1	0	2	0	
	2015	18	2	1	4	0.25	
	2016	6	2	0	1	0	
	2016	7	1	0	1	0	
	2016	8	1	1	3	0.3333333	
	2016	8	2	0	5	0	
	2016	9	1	0	2	0	
	2016	9	2	0	5	0	
	2016	10	1	0	7	0	
	2016	10	2	0	14	0	
	2016	11	1	1	22	0.04545455	
	2016	11	2	0	5	0	
	2016	12	1	0	14	0	
	2016	12	2	0	18	0	
	2016	13	1	1	39	0.02564103	
	2016	13	2	1	23	0.04347826	
	2016	14	1	1	40	0.025	
	2016	14	2	3	42	0.07142857	
	2016	15	1	3	42	0.07142857	
	2016	15	2	3	35	0.08571429	
	2016	16	1	6	41	0.1463415	
	2016	16	2	2	47	0.04255319	
	2016	17	1	1	18	0.05555556	
	2016	17	2	2	20	0.1	
	2016	18	1	1	3	0.3333333	
	2016	18	2	0	1	0	
	2016	19	1	0	1	0	
	2017	7	2	0	2	0	
	2017	8	1	0	2	0	
	2017	8	2	0	2	0	
	2017	9	1	0	6	0	
	2017	9	2	0	7	0	
	2017	10	1	1	9	0.1111111	
	2017	10	2	0	1	0	
	2017	11	1	1	20	0.05	
	2017	11	2	0	13	0	
	2017	12	1	1	37	0.02702703	
	2017	12	2	0	30	0	
	2017	13	1	0	24	0	
	2017	13	2	0	29	0	
	2017	14	1	1	50	0.02	
	2017	14	2	1	32	0.03125	
	2017	15	1	4	52	0.07692308	
	2017	15	2	3	38	0.07894737	
	2017	16	1	7	50	0.14	
	2017	16	2	4	43	0.09302326	
	2017	17	1	2	19	0.1052632	
	2017	17	2	0	22	0	
	2017	18	1	1	5	0.2	
	2017	18	2	0	5	0	
	2018	5	2	0	1	0	
	2018	8	1	0	4	0	
	2018	8	2	0	2	0	
	2018	9	1	1	4	0.25	
	2018	9	2	0	2	0	
	2018	10	1	1	13	0.07692308	
	2018	10	2	0	6	0	
	2018	11	1	0	10	0	
	2018	11	2	1	14	0.07142857	
	2018	12	1	1	20	0.05	
	2018	12	2	1	36	0.02777778	
	2018	13	1	1	46	0.02173913	
	2018	13	2	1	43	0.02325581	
	2018	14	1	3	42	0.07142857	
	2018	14	2	1	33	0.03030303	
	2018	15	1	4	46	0.08695652	
	2018	15	2	2	45	0.04444444	
	2018	16	1	5	38	0.1315789	
	2018	16	2	1	37	0.02702703	
	2018	17	1	5	22	0.2272727	
	2018	17	2	4	23	0.173913	
	2018	18	1	1	6	0.1666667	
	2018	18	2	1	7	0.1428571	
	2019	5	2	0	1	0	
	2019	6	2	0	2	0	
	2019	7	1	0	2	0	
	2019	8	1	0	4	0	
	2019	8	2	0	1	0	
	2019	9	1	0	3	0	
	2019	9	2	0	3	0	
	2019	10	1	0	12	0	
	2019	10	2	0	6	0	
	2019	11	1	0	11	0	
	2019	11	2	0	9	0	
	2019	12	1	1	22	0.04545455	
	2019	12	2	0	27	0	
	2019	13	1	1	31	0.03225806	
	2019	13	2	0	36	0	
	2019	14	1	2	41	0.04878049	
	2019	14	2	0	39	0	
	2019	15	1	3	59	0.05084746	
	2019	15	2	3	35	0.08571429	
	2019	16	1	4	41	0.09756098	
	2019	16	2	0	42	0	
	2019	17	1	2	26	0.07692308	
	2019	17	2	2	22	0.09090909	
	2019	18	1	0	6	0	
	2019	18	2	0	8	0	
