
	F3_01_M OP an Becken­/Beinarterien insgesamt, Mortalität // Total des OP des artères du bassin/des jambes, mortalité // OP alle arterie del bacino/delle gambe totale, mortalità
	BAG/OFSP/UFSP - CH-IQI Version V5-2 - Daten 2019 - 21. April 2021

	Jahr	AltEGrp	Sex	DeathCH	CasesCH	pCH	
	2008	1	2	0	1	0	
	2008	2	1	0	1	0	
	2008	2	2	0	1	0	
	2008	3	1	0	1	0	
	2008	3	2	0	1	0	
	2008	4	1	0	3	0	
	2008	4	2	0	1	0	
	2008	5	1	0	2	0	
	2008	5	2	0	1	0	
	2008	6	1	0	5	0	
	2008	6	2	0	1	0	
	2008	7	1	0	1	0	
	2008	7	2	0	2	0	
	2008	8	1	0	9	0	
	2008	8	2	0	9	0	
	2008	9	1	0	7	0	
	2008	9	2	0	7	0	
	2008	10	1	0	26	0	
	2008	10	2	0	7	0	
	2008	11	1	0	53	0	
	2008	11	2	0	10	0	
	2008	12	1	3	102	0.02941176	
	2008	12	2	0	29	0	
	2008	13	1	5	133	0.03759398	
	2008	13	2	1	26	0.03846154	
	2008	14	1	5	137	0.03649635	
	2008	14	2	2	42	0.04761905	
	2008	15	1	10	147	0.06802721	
	2008	15	2	5	53	0.09433962	
	2008	16	1	6	126	0.04761905	
	2008	16	2	4	64	0.0625	
	2008	17	1	6	84	0.07142857	
	2008	17	2	5	53	0.09433962	
	2008	18	1	8	42	0.1904762	
	2008	18	2	8	64	0.125	
	2008	19	1	1	10	0.1	
	2008	19	2	7	35	0.2	
	2008	20	1	0	3	0	
	2008	20	2	2	5	0.4	
	2009	1	2	0	1	0	
	2009	3	1	0	1	0	
	2009	3	2	0	3	0	
	2009	4	1	0	2	0	
	2009	4	2	0	2	0	
	2009	5	1	0	2	0	
	2009	5	2	0	10	0	
	2009	6	1	0	6	0	
	2009	6	2	0	4	0	
	2009	7	1	1	3	0.3333333	
	2009	7	2	0	3	0	
	2009	8	1	0	5	0	
	2009	8	2	0	4	0	
	2009	9	1	0	13	0	
	2009	9	2	0	12	0	
	2009	10	1	0	26	0	
	2009	10	2	0	14	0	
	2009	11	1	0	60	0	
	2009	11	2	0	15	0	
	2009	12	1	3	97	0.03092784	
	2009	12	2	0	27	0	
	2009	13	1	2	137	0.01459854	
	2009	13	2	3	46	0.06521739	
	2009	14	1	4	152	0.02631579	
	2009	14	2	5	41	0.1219512	
	2009	15	1	8	146	0.05479452	
	2009	15	2	4	49	0.08163265	
	2009	16	1	12	142	0.08450704	
	2009	16	2	2	60	0.03333333	
	2009	17	1	9	102	0.08823529	
	2009	17	2	7	50	0.14	
	2009	18	1	3	41	0.07317073	
	2009	18	2	4	41	0.09756098	
	2009	19	1	0	5	0	
	2009	19	2	5	24	0.2083333	
	2009	20	1	0	3	0	
	2009	20	2	1	5	0.2	
	2010	2	1	1	1	1	
	2010	3	2	0	1	0	
	2010	4	1	0	1	0	
	2010	5	1	0	1	0	
	2010	5	2	0	2	0	
	2010	6	1	0	1	0	
	2010	6	2	0	3	0	
	2010	7	1	1	3	0.3333333	
	2010	7	2	0	3	0	
	2010	8	1	1	9	0.1111111	
	2010	9	1	0	12	0	
	2010	9	2	0	8	0	
	2010	10	1	1	37	0.02702703	
	2010	10	2	0	12	0	
	2010	11	1	0	56	0	
	2010	11	2	0	12	0	
	2010	12	1	1	106	0.009433962	
	2010	12	2	0	12	0	
	2010	13	1	8	155	0.0516129	
	2010	13	2	0	34	0	
	2010	14	1	7	163	0.04294479	
	2010	14	2	1	39	0.02564103	
	2010	15	1	6	131	0.04580153	
	2010	15	2	1	56	0.01785714	
	2010	16	1	8	122	0.06557377	
	2010	16	2	4	55	0.07272727	
	2010	17	1	7	85	0.08235294	
	2010	17	2	7	61	0.1147541	
	2010	18	1	4	38	0.1052632	
	2010	18	2	4	50	0.08	
	2010	19	1	2	14	0.1428571	
	2010	19	2	2	15	0.1333333	
	2010	20	1	1	2	0.5	
	2010	20	2	2	9	0.2222222	
	2011	1	1	0	1	0	
	2011	2	1	0	1	0	
	2011	3	1	0	2	0	
	2011	4	1	0	6	0	
	2011	4	2	0	2	0	
	2011	5	1	0	4	0	
	2011	5	2	0	3	0	
	2011	6	1	0	8	0	
	2011	6	2	0	1	0	
	2011	7	1	0	6	0	
	2011	7	2	0	4	0	
	2011	8	1	0	7	0	
	2011	8	2	0	3	0	
	2011	9	1	0	30	0	
	2011	9	2	1	11	0.09090909	
	2011	10	1	2	62	0.03225806	
	2011	10	2	1	18	0.05555556	
	2011	11	1	0	104	0	
	2011	11	2	0	26	0	
	2011	12	1	4	195	0.02051282	
	2011	12	2	1	49	0.02040816	
	2011	13	1	9	315	0.02857143	
	2011	13	2	0	79	0	
	2011	14	1	8	406	0.01970443	
	2011	14	2	8	110	0.07272727	
	2011	15	1	11	353	0.03116147	
	2011	15	2	4	118	0.03389831	
	2011	16	1	16	307	0.05211726	
	2011	16	2	10	184	0.05434783	
	2011	17	1	15	235	0.06382979	
	2011	17	2	12	143	0.08391608	
	2011	18	1	8	88	0.09090909	
	2011	18	2	10	129	0.07751938	
	2011	19	1	6	23	0.2608696	
	2011	19	2	3	39	0.07692308	
	2011	20	1	1	1	1	
	2011	20	2	0	3	0	
	2012	1	1	0	1	0	
	2012	3	1	0	2	0	
	2012	4	1	0	3	0	
	2012	4	2	0	3	0	
	2012	5	1	0	6	0	
	2012	5	2	0	1	0	
	2012	6	1	0	4	0	
	2012	6	2	0	2	0	
	2012	7	1	0	6	0	
	2012	7	2	0	4	0	
	2012	8	1	0	11	0	
	2012	8	2	0	2	0	
	2012	9	1	1	29	0.03448276	
	2012	9	2	0	10	0	
	2012	10	1	0	52	0	
	2012	10	2	1	14	0.07142857	
	2012	11	1	2	108	0.01851852	
	2012	11	2	1	33	0.03030303	
	2012	12	1	4	214	0.01869159	
	2012	12	2	2	59	0.03389831	
	2012	13	1	8	310	0.02580645	
	2012	13	2	2	75	0.02666667	
	2012	14	1	15	424	0.03537736	
	2012	14	2	2	127	0.01574803	
	2012	15	1	15	392	0.03826531	
	2012	15	2	3	148	0.02027027	
	2012	16	1	11	338	0.03254438	
	2012	16	2	12	145	0.08275862	
	2012	17	1	18	222	0.08108108	
	2012	17	2	6	141	0.04255319	
	2012	18	1	7	91	0.07692308	
	2012	18	2	17	120	0.1416667	
	2012	19	1	4	27	0.1481481	
	2012	19	2	4	51	0.07843137	
	2012	20	1	2	10	0.2	
	2012	20	2	3	10	0.3	
	2013	3	2	0	1	0	
	2013	4	1	0	3	0	
	2013	4	2	0	1	0	
	2013	5	1	0	8	0	
	2013	5	2	0	4	0	
	2013	6	1	0	5	0	
	2013	6	2	0	2	0	
	2013	7	1	0	12	0	
	2013	7	2	0	6	0	
	2013	8	1	1	13	0.07692308	
	2013	8	2	1	9	0.1111111	
	2013	9	1	1	29	0.03448276	
	2013	9	2	0	7	0	
	2013	10	1	1	66	0.01515152	
	2013	10	2	2	17	0.1176471	
	2013	11	1	2	110	0.01818182	
	2013	11	2	2	28	0.07142857	
	2013	12	1	5	215	0.02325581	
	2013	12	2	5	66	0.07575758	
	2013	13	1	11	340	0.03235294	
	2013	13	2	5	68	0.07352941	
	2013	14	1	10	422	0.02369668	
	2013	14	2	9	113	0.07964602	
	2013	15	1	14	373	0.03753351	
	2013	15	2	5	123	0.04065041	
	2013	16	1	20	342	0.05847953	
	2013	16	2	10	147	0.06802721	
	2013	17	1	19	250	0.076	
	2013	17	2	12	134	0.08955224	
	2013	18	1	11	89	0.1235955	
	2013	18	2	11	110	0.1	
	2013	19	1	2	23	0.08695652	
	2013	19	2	7	53	0.1320755	
	2013	20	1	0	3	0	
	2013	20	2	1	14	0.07142857	
	2014	1	1	0	1	0	
	2014	1	2	0	1	0	
	2014	2	1	0	3	0	
	2014	3	1	0	2	0	
	2014	3	2	0	2	0	
	2014	4	1	0	3	0	
	2014	4	2	0	5	0	
	2014	5	1	0	4	0	
	2014	5	2	0	4	0	
	2014	6	1	0	9	0	
	2014	6	2	1	4	0.25	
	2014	7	1	0	8	0	
	2014	7	2	1	11	0.09090909	
	2014	8	1	0	12	0	
	2014	8	2	0	7	0	
	2014	9	1	0	24	0	
	2014	9	2	0	10	0	
	2014	10	1	2	70	0.02857143	
	2014	10	2	0	14	0	
	2014	11	1	3	140	0.02142857	
	2014	11	2	1	37	0.02702703	
	2014	12	1	4	222	0.01801802	
	2014	12	2	3	51	0.05882353	
	2014	13	1	7	276	0.02536232	
	2014	13	2	4	71	0.05633803	
	2014	14	1	11	409	0.02689487	
	2014	14	2	1	120	0.008333333	
	2014	15	1	16	389	0.04113111	
	2014	15	2	4	149	0.02684564	
	2014	16	1	19	322	0.05900621	
	2014	16	2	8	144	0.05555556	
	2014	17	1	15	228	0.06578947	
	2014	17	2	7	143	0.04895105	
	2014	18	1	14	100	0.14	
	2014	18	2	7	95	0.07368421	
	2014	19	1	5	38	0.1315789	
	2014	19	2	4	62	0.06451613	
	2014	20	2	1	8	0.125	
	2015	1	1	1	1	1	
	2015	1	2	0	1	0	
	2015	2	1	0	2	0	
	2015	3	1	0	1	0	
	2015	3	2	0	2	0	
	2015	4	1	0	1	0	
	2015	4	2	1	3	0.3333333	
	2015	5	1	0	8	0	
	2015	5	2	0	3	0	
	2015	6	1	0	11	0	
	2015	6	2	0	1	0	
	2015	7	1	0	7	0	
	2015	7	2	0	5	0	
	2015	8	1	0	12	0	
	2015	8	2	0	5	0	
	2015	9	1	0	22	0	
	2015	9	2	1	15	0.06666667	
	2015	10	1	0	46	0	
	2015	10	2	1	21	0.04761905	
	2015	11	1	4	114	0.03508772	
	2015	11	2	1	25	0.04	
	2015	12	1	4	208	0.01923077	
	2015	12	2	1	52	0.01923077	
	2015	13	1	8	328	0.02439024	
	2015	13	2	2	83	0.02409639	
	2015	14	1	12	402	0.02985075	
	2015	14	2	5	147	0.03401361	
	2015	15	1	14	416	0.03365385	
	2015	15	2	5	155	0.03225806	
	2015	16	1	18	384	0.046875	
	2015	16	2	16	178	0.08988764	
	2015	17	1	22	235	0.09361702	
	2015	17	2	4	142	0.02816901	
	2015	18	1	14	101	0.1386139	
	2015	18	2	6	107	0.05607477	
	2015	19	1	4	35	0.1142857	
	2015	19	2	10	47	0.212766	
	2015	20	1	0	6	0	
	2015	20	2	1	6	0.1666667	
	2016	1	1	0	2	0	
	2016	2	1	0	1	0	
	2016	2	2	0	1	0	
	2016	5	1	0	8	0	
	2016	6	1	0	8	0	
	2016	6	2	0	5	0	
	2016	7	1	0	11	0	
	2016	7	2	0	8	0	
	2016	8	1	0	7	0	
	2016	8	2	0	5	0	
	2016	9	1	0	21	0	
	2016	9	2	0	8	0	
	2016	10	1	0	50	0	
	2016	10	2	0	23	0	
	2016	11	1	2	118	0.01694915	
	2016	11	2	0	30	0	
	2016	12	1	3	230	0.01304348	
	2016	12	2	3	47	0.06382979	
	2016	13	1	6	327	0.01834862	
	2016	13	2	4	93	0.04301075	
	2016	14	1	11	429	0.02564103	
	2016	14	2	5	116	0.04310345	
	2016	15	1	9	401	0.02244389	
	2016	15	2	8	137	0.05839416	
	2016	16	1	21	371	0.05660377	
	2016	16	2	12	152	0.07894737	
	2016	17	1	20	264	0.07575758	
	2016	17	2	9	156	0.05769231	
	2016	18	1	10	96	0.1041667	
	2016	18	2	10	119	0.08403361	
	2016	19	1	7	30	0.2333333	
	2016	19	2	2	41	0.04878049	
	2016	20	1	2	5	0.4	
	2016	20	2	1	7	0.1428571	
	2017	1	1	0	1	0	
	2017	1	2	0	1	0	
	2017	2	1	0	1	0	
	2017	3	1	0	1	0	
	2017	4	1	0	5	0	
	2017	5	1	1	10	0.1	
	2017	5	2	0	3	0	
	2017	6	1	0	3	0	
	2017	6	2	0	9	0	
	2017	7	1	0	8	0	
	2017	7	2	1	4	0.25	
	2017	8	1	1	7	0.1428571	
	2017	8	2	0	6	0	
	2017	9	1	0	18	0	
	2017	9	2	0	8	0	
	2017	10	1	1	58	0.01724138	
	2017	10	2	0	14	0	
	2017	11	1	0	122	0	
	2017	11	2	1	33	0.03030303	
	2017	12	1	3	210	0.01428571	
	2017	12	2	1	43	0.02325581	
	2017	13	1	7	329	0.0212766	
	2017	13	2	2	71	0.02816901	
	2017	14	1	11	394	0.02791878	
	2017	14	2	5	110	0.04545455	
	2017	15	1	17	494	0.03441296	
	2017	15	2	8	153	0.05228758	
	2017	16	1	10	387	0.02583979	
	2017	16	2	7	159	0.04402516	
	2017	17	1	11	253	0.04347826	
	2017	17	2	10	160	0.0625	
	2017	18	1	8	91	0.08791209	
	2017	18	2	10	115	0.08695652	
	2017	19	1	1	27	0.03703704	
	2017	19	2	3	47	0.06382979	
	2017	20	1	0	5	0	
	2017	20	2	0	12	0	
	2018	1	1	0	1	0	
	2018	1	2	0	1	0	
	2018	2	2	0	2	0	
	2018	3	1	1	2	0.5	
	2018	3	2	0	1	0	
	2018	4	1	0	4	0	
	2018	4	2	0	1	0	
	2018	5	1	0	4	0	
	2018	5	2	0	3	0	
	2018	6	1	0	4	0	
	2018	6	2	0	2	0	
	2018	7	1	0	9	0	
	2018	7	2	0	3	0	
	2018	8	1	1	14	0.07142857	
	2018	8	2	0	2	0	
	2018	9	1	1	16	0.0625	
	2018	9	2	2	9	0.2222222	
	2018	10	1	1	49	0.02040816	
	2018	10	2	0	14	0	
	2018	11	1	4	113	0.03539823	
	2018	11	2	0	24	0	
	2018	12	1	3	220	0.01363636	
	2018	12	2	3	50	0.06	
	2018	13	1	7	330	0.02121212	
	2018	13	2	1	70	0.01428571	
	2018	14	1	6	406	0.01477833	
	2018	14	2	7	105	0.06666667	
	2018	15	1	17	460	0.03695652	
	2018	15	2	5	141	0.03546099	
	2018	16	1	20	380	0.05263158	
	2018	16	2	9	187	0.04812834	
	2018	17	1	20	256	0.078125	
	2018	17	2	9	150	0.06	
	2018	18	1	13	103	0.1262136	
	2018	18	2	6	100	0.06	
	2018	19	1	0	15	0	
	2018	19	2	3	51	0.05882353	
	2018	20	1	2	3	0.6666667	
	2018	20	2	1	6	0.1666667	
	2019	1	1	0	1	0	
	2019	1	2	1	2	0.5	
	2019	2	1	0	1	0	
	2019	3	1	0	6	0	
	2019	3	2	0	1	0	
	2019	4	1	0	5	0	
	2019	4	2	0	3	0	
	2019	5	1	0	4	0	
	2019	5	2	0	2	0	
	2019	6	1	0	4	0	
	2019	6	2	0	4	0	
	2019	7	1	0	13	0	
	2019	7	2	1	7	0.1428571	
	2019	8	1	0	10	0	
	2019	8	2	1	4	0.25	
	2019	9	1	0	25	0	
	2019	9	2	0	5	0	
	2019	10	1	0	40	0	
	2019	10	2	0	13	0	
	2019	11	1	1	112	0.008928571	
	2019	11	2	2	23	0.08695652	
	2019	12	1	3	196	0.01530612	
	2019	12	2	2	48	0.04166667	
	2019	13	1	10	344	0.02906977	
	2019	13	2	2	82	0.02439024	
	2019	14	1	11	430	0.0255814	
	2019	14	2	5	111	0.04504505	
	2019	15	1	17	537	0.03165736	
	2019	15	2	11	154	0.07142857	
	2019	16	1	14	365	0.03835616	
	2019	16	2	9	210	0.04285714	
	2019	17	1	17	258	0.06589147	
	2019	17	2	8	140	0.05714286	
	2019	18	1	8	120	0.06666667	
	2019	18	2	5	80	0.0625	
	2019	19	1	0	27	0	
	2019	19	2	6	55	0.1090909	
	2019	20	1	1	5	0.2	
	2019	20	2	1	8	0.125	
