
	F5_01_M PTA abdominale/Beinarterien (ohne Aorta), Mortalität // ATP des artères de l'abdomen/des jambes (hormis aorte), mortalité // PTA di arterie addominali/delle gambe (senza aorta), mortalità
	BAG/OFSP/UFSP - CH-IQI Version V5-2 - Daten 2019 - 21. April 2021

	Jahr	AltEGrp	Sex	DeathCH	CasesCH	pCH	
	2008	1	1	0	12	0	
	2008	1	2	1	10	0.1	
	2008	2	1	0	4	0	
	2008	2	2	0	1	0	
	2008	3	1	0	3	0	
	2008	3	2	0	3	0	
	2008	4	1	0	7	0	
	2008	4	2	0	4	0	
	2008	5	1	0	2	0	
	2008	5	2	0	5	0	
	2008	6	1	0	5	0	
	2008	6	2	0	2	0	
	2008	7	1	0	3	0	
	2008	7	2	0	5	0	
	2008	8	1	0	17	0	
	2008	8	2	1	15	0.06666667	
	2008	9	1	0	35	0	
	2008	9	2	0	14	0	
	2008	10	1	0	89	0	
	2008	10	2	1	48	0.02083333	
	2008	11	1	2	158	0.01265823	
	2008	11	2	0	59	0	
	2008	12	1	4	281	0.01423488	
	2008	12	2	0	109	0	
	2008	13	1	1	501	0.001996008	
	2008	13	2	1	192	0.005208333	
	2008	14	1	7	614	0.01140065	
	2008	14	2	3	287	0.01045296	
	2008	15	1	5	652	0.007668712	
	2008	15	2	4	403	0.009925558	
	2008	16	1	16	621	0.0257649	
	2008	16	2	9	574	0.01567944	
	2008	17	1	8	434	0.01843318	
	2008	17	2	10	524	0.01908397	
	2008	18	1	10	204	0.04901961	
	2008	18	2	3	387	0.007751938	
	2008	19	1	3	47	0.06382979	
	2008	19	2	5	137	0.03649635	
	2008	20	1	0	5	0	
	2008	20	2	3	31	0.09677419	
	2009	1	1	0	19	0	
	2009	1	2	0	12	0	
	2009	2	1	0	7	0	
	2009	2	2	0	5	0	
	2009	3	1	0	4	0	
	2009	3	2	0	3	0	
	2009	4	1	0	10	0	
	2009	4	2	0	8	0	
	2009	5	1	0	8	0	
	2009	5	2	0	7	0	
	2009	6	1	0	4	0	
	2009	6	2	0	4	0	
	2009	7	1	0	3	0	
	2009	7	2	0	5	0	
	2009	8	1	0	16	0	
	2009	8	2	0	8	0	
	2009	9	1	0	22	0	
	2009	9	2	0	16	0	
	2009	10	1	0	87	0	
	2009	10	2	1	41	0.02439024	
	2009	11	1	3	175	0.01714286	
	2009	11	2	1	70	0.01428571	
	2009	12	1	6	330	0.01818182	
	2009	12	2	3	119	0.02521008	
	2009	13	1	2	493	0.004056795	
	2009	13	2	1	183	0.005464481	
	2009	14	1	9	596	0.01510067	
	2009	14	2	6	308	0.01948052	
	2009	15	1	8	632	0.01265823	
	2009	15	2	3	357	0.008403361	
	2009	16	1	16	661	0.02420575	
	2009	16	2	6	563	0.01065719	
	2009	17	1	14	477	0.0293501	
	2009	17	2	7	548	0.01277372	
	2009	18	1	14	270	0.05185185	
	2009	18	2	16	393	0.04071247	
	2009	19	1	4	63	0.06349206	
	2009	19	2	10	145	0.06896552	
	2009	20	1	1	15	0.06666667	
	2009	20	2	1	28	0.03571429	
	2010	1	1	0	14	0	
	2010	1	2	3	12	0.25	
	2010	2	1	0	3	0	
	2010	2	2	0	6	0	
	2010	3	1	0	1	0	
	2010	3	2	0	3	0	
	2010	4	1	0	7	0	
	2010	4	2	0	5	0	
	2010	5	1	0	7	0	
	2010	5	2	0	10	0	
	2010	6	1	0	7	0	
	2010	6	2	0	6	0	
	2010	7	1	1	12	0.08333333	
	2010	7	2	0	6	0	
	2010	8	1	1	19	0.05263158	
	2010	8	2	0	12	0	
	2010	9	1	0	36	0	
	2010	9	2	0	32	0	
	2010	10	1	1	91	0.01098901	
	2010	10	2	1	48	0.02083333	
	2010	11	1	0	200	0	
	2010	11	2	1	91	0.01098901	
	2010	12	1	5	335	0.01492537	
	2010	12	2	0	130	0	
	2010	13	1	9	560	0.01607143	
	2010	13	2	2	218	0.009174312	
	2010	14	1	9	646	0.01393189	
	2010	14	2	3	351	0.008547009	
	2010	15	1	6	634	0.009463722	
	2010	15	2	2	351	0.005698006	
	2010	16	1	13	613	0.02120718	
	2010	16	2	9	568	0.01584507	
	2010	17	1	13	539	0.02411874	
	2010	17	2	16	531	0.03013183	
	2010	18	1	11	254	0.04330709	
	2010	18	2	8	387	0.02067183	
	2010	19	1	4	68	0.05882353	
	2010	19	2	5	129	0.03875969	
	2010	20	1	1	13	0.07692308	
	2010	20	2	1	36	0.02777778	
	2011	1	1	1	21	0.04761905	
	2011	1	2	0	11	0	
	2011	2	1	0	2	0	
	2011	2	2	0	5	0	
	2011	3	1	0	9	0	
	2011	3	2	0	5	0	
	2011	4	1	0	6	0	
	2011	4	2	0	8	0	
	2011	5	1	0	4	0	
	2011	5	2	0	6	0	
	2011	6	1	0	6	0	
	2011	6	2	0	15	0	
	2011	7	1	0	5	0	
	2011	7	2	0	9	0	
	2011	8	1	1	21	0.04761905	
	2011	8	2	0	12	0	
	2011	9	1	0	36	0	
	2011	9	2	1	26	0.03846154	
	2011	10	1	1	89	0.01123596	
	2011	10	2	0	39	0	
	2011	11	1	2	178	0.01123596	
	2011	11	2	0	74	0	
	2011	12	1	1	354	0.002824859	
	2011	12	2	1	135	0.007407407	
	2011	13	1	4	529	0.007561437	
	2011	13	2	1	206	0.004854369	
	2011	14	1	9	678	0.01327434	
	2011	14	2	6	284	0.02112676	
	2011	15	1	13	726	0.01790634	
	2011	15	2	7	416	0.01682692	
	2011	16	1	8	671	0.0119225	
	2011	16	2	7	587	0.01192504	
	2011	17	1	16	540	0.02962963	
	2011	17	2	8	601	0.01331115	
	2011	18	1	17	299	0.05685619	
	2011	18	2	8	454	0.01762115	
	2011	19	1	5	63	0.07936508	
	2011	19	2	7	143	0.04895105	
	2011	20	1	0	13	0	
	2011	20	2	1	31	0.03225806	
	2012	1	1	2	26	0.07692308	
	2012	1	2	2	18	0.1111111	
	2012	2	1	0	7	0	
	2012	2	2	0	1	0	
	2012	3	1	0	7	0	
	2012	3	2	0	1	0	
	2012	4	1	0	4	0	
	2012	4	2	0	8	0	
	2012	5	1	0	8	0	
	2012	5	2	0	12	0	
	2012	6	1	0	14	0	
	2012	6	2	0	7	0	
	2012	7	1	0	15	0	
	2012	7	2	0	13	0	
	2012	8	1	0	21	0	
	2012	8	2	0	7	0	
	2012	9	1	1	44	0.02272727	
	2012	9	2	1	38	0.02631579	
	2012	10	1	3	111	0.02702703	
	2012	10	2	1	54	0.01851852	
	2012	11	1	4	193	0.02072539	
	2012	11	2	0	93	0	
	2012	12	1	5	377	0.0132626	
	2012	12	2	0	154	0	
	2012	13	1	8	607	0.01317957	
	2012	13	2	2	211	0.009478673	
	2012	14	1	13	768	0.01692708	
	2012	14	2	8	343	0.02332362	
	2012	15	1	13	793	0.01639344	
	2012	15	2	13	407	0.03194103	
	2012	16	1	11	766	0.01436031	
	2012	16	2	18	549	0.03278689	
	2012	17	1	18	545	0.03302752	
	2012	17	2	18	636	0.02830189	
	2012	18	1	11	296	0.03716216	
	2012	18	2	16	501	0.03193613	
	2012	19	1	2	89	0.02247191	
	2012	19	2	6	168	0.03571429	
	2012	20	1	1	15	0.06666667	
	2012	20	2	1	26	0.03846154	
	2013	1	1	1	25	0.04	
	2013	1	2	1	16	0.0625	
	2013	2	1	0	6	0	
	2013	2	2	0	3	0	
	2013	3	1	0	5	0	
	2013	3	2	0	3	0	
	2013	4	1	0	8	0	
	2013	4	2	0	12	0	
	2013	5	1	0	13	0	
	2013	5	2	0	8	0	
	2013	6	1	0	13	0	
	2013	6	2	0	7	0	
	2013	7	1	0	18	0	
	2013	7	2	0	11	0	
	2013	8	1	2	22	0.09090909	
	2013	8	2	1	10	0.1	
	2013	9	1	3	43	0.06976744	
	2013	9	2	0	26	0	
	2013	10	1	1	121	0.008264463	
	2013	10	2	1	48	0.02083333	
	2013	11	1	2	245	0.008163265	
	2013	11	2	2	86	0.02325581	
	2013	12	1	4	407	0.00982801	
	2013	12	2	2	156	0.01282051	
	2013	13	1	6	586	0.01023891	
	2013	13	2	4	210	0.01904762	
	2013	14	1	8	835	0.009580838	
	2013	14	2	7	344	0.02034884	
	2013	15	1	23	856	0.02686916	
	2013	15	2	8	470	0.01702128	
	2013	16	1	21	848	0.02476415	
	2013	16	2	12	589	0.02037351	
	2013	17	1	22	674	0.03264095	
	2013	17	2	14	626	0.02236422	
	2013	18	1	13	349	0.03724928	
	2013	18	2	15	480	0.03125	
	2013	19	1	11	107	0.1028037	
	2013	19	2	6	203	0.02955665	
	2013	20	1	1	15	0.06666667	
	2013	20	2	3	31	0.09677419	
	2014	1	1	1	46	0.02173913	
	2014	1	2	2	23	0.08695652	
	2014	2	1	0	7	0	
	2014	2	2	0	5	0	
	2014	3	1	0	8	0	
	2014	3	2	0	8	0	
	2014	4	1	0	18	0	
	2014	4	2	0	8	0	
	2014	5	1	0	15	0	
	2014	5	2	0	8	0	
	2014	6	1	0	14	0	
	2014	6	2	0	22	0	
	2014	7	1	0	13	0	
	2014	7	2	0	20	0	
	2014	8	1	1	16	0.0625	
	2014	8	2	0	11	0	
	2014	9	1	0	39	0	
	2014	9	2	0	26	0	
	2014	10	1	2	135	0.01481481	
	2014	10	2	0	41	0	
	2014	11	1	4	276	0.01449275	
	2014	11	2	1	81	0.01234568	
	2014	12	1	8	456	0.01754386	
	2014	12	2	4	132	0.03030303	
	2014	13	1	8	611	0.01309329	
	2014	13	2	5	235	0.0212766	
	2014	14	1	5	899	0.005561735	
	2014	14	2	5	418	0.01196172	
	2014	15	1	16	950	0.01684211	
	2014	15	2	8	544	0.01470588	
	2014	16	1	22	885	0.02485876	
	2014	16	2	13	617	0.02106969	
	2014	17	1	27	655	0.04122137	
	2014	17	2	19	716	0.02653631	
	2014	18	1	18	364	0.04945055	
	2014	18	2	16	554	0.02888087	
	2014	19	1	4	98	0.04081633	
	2014	19	2	8	222	0.03603604	
	2014	20	1	0	17	0	
	2014	20	2	0	45	0	
	2015	1	1	6	65	0.09230769	
	2015	1	2	2	25	0.08	
	2015	2	1	0	11	0	
	2015	2	2	0	7	0	
	2015	3	1	0	9	0	
	2015	3	2	0	8	0	
	2015	4	1	0	13	0	
	2015	4	2	0	12	0	
	2015	5	1	0	9	0	
	2015	5	2	0	14	0	
	2015	6	1	0	14	0	
	2015	6	2	0	15	0	
	2015	7	1	0	10	0	
	2015	7	2	0	16	0	
	2015	8	1	0	21	0	
	2015	8	2	0	30	0	
	2015	9	1	0	51	0	
	2015	9	2	1	24	0.04166667	
	2015	10	1	3	135	0.02222222	
	2015	10	2	1	41	0.02439024	
	2015	11	1	1	229	0.004366812	
	2015	11	2	0	83	0	
	2015	12	1	3	450	0.006666667	
	2015	12	2	3	170	0.01764706	
	2015	13	1	10	638	0.01567398	
	2015	13	2	4	264	0.01515152	
	2015	14	1	12	902	0.01330377	
	2015	14	2	3	441	0.006802721	
	2015	15	1	18	926	0.01943844	
	2015	15	2	7	610	0.01147541	
	2015	16	1	24	880	0.02727273	
	2015	16	2	10	612	0.01633987	
	2015	17	1	28	675	0.04148148	
	2015	17	2	16	756	0.02116402	
	2015	18	1	17	366	0.04644809	
	2015	18	2	15	531	0.02824859	
	2015	19	1	5	117	0.04273504	
	2015	19	2	14	239	0.05857741	
	2015	20	1	3	23	0.1304348	
	2015	20	2	3	48	0.0625	
	2016	1	1	3	50	0.06	
	2016	1	2	4	36	0.1111111	
	2016	2	1	0	13	0	
	2016	2	2	0	8	0	
	2016	3	1	0	8	0	
	2016	3	2	0	11	0	
	2016	4	1	0	5	0	
	2016	4	2	0	7	0	
	2016	5	1	0	13	0	
	2016	5	2	0	9	0	
	2016	6	1	1	16	0.0625	
	2016	6	2	0	22	0	
	2016	7	1	0	14	0	
	2016	7	2	0	17	0	
	2016	8	1	0	12	0	
	2016	8	2	1	26	0.03846154	
	2016	9	1	1	38	0.02631579	
	2016	9	2	0	23	0	
	2016	10	1	2	124	0.01612903	
	2016	10	2	0	46	0	
	2016	11	1	1	250	0.004	
	2016	11	2	2	99	0.02020202	
	2016	12	1	4	461	0.00867679	
	2016	12	2	4	182	0.02197802	
	2016	13	1	5	701	0.007132668	
	2016	13	2	9	268	0.03358209	
	2016	14	1	19	947	0.02006336	
	2016	14	2	6	403	0.01488834	
	2016	15	1	21	1028	0.02042802	
	2016	15	2	3	596	0.005033557	
	2016	16	1	23	902	0.02549889	
	2016	16	2	23	591	0.03891709	
	2016	17	1	29	751	0.03861518	
	2016	17	2	14	715	0.01958042	
	2016	18	1	16	433	0.0369515	
	2016	18	2	24	631	0.03803487	
	2016	19	1	13	141	0.09219858	
	2016	19	2	5	205	0.02439024	
	2016	20	1	6	21	0.2857143	
	2016	20	2	2	58	0.03448276	
	2017	1	1	2	47	0.04255319	
	2017	1	2	3	40	0.075	
	2017	2	1	0	12	0	
	2017	2	2	0	8	0	
	2017	3	1	0	9	0	
	2017	3	2	0	2	0	
	2017	4	1	0	14	0	
	2017	4	2	1	12	0.08333333	
	2017	5	1	0	13	0	
	2017	5	2	0	9	0	
	2017	6	1	0	17	0	
	2017	6	2	0	15	0	
	2017	7	1	0	20	0	
	2017	7	2	0	21	0	
	2017	8	1	0	14	0	
	2017	8	2	1	28	0.03571429	
	2017	9	1	0	45	0	
	2017	9	2	0	32	0	
	2017	10	1	1	130	0.007692308	
	2017	10	2	1	57	0.01754386	
	2017	11	1	4	283	0.01413428	
	2017	11	2	3	93	0.03225806	
	2017	12	1	5	481	0.01039501	
	2017	12	2	0	180	0	
	2017	13	1	5	750	0.006666667	
	2017	13	2	4	285	0.01403509	
	2017	14	1	9	884	0.010181	
	2017	14	2	11	402	0.02736318	
	2017	15	1	19	1125	0.01688889	
	2017	15	2	10	596	0.01677852	
	2017	16	1	21	989	0.02123357	
	2017	16	2	22	727	0.03026135	
	2017	17	1	26	782	0.03324808	
	2017	17	2	24	695	0.03453237	
	2017	18	1	25	430	0.05813953	
	2017	18	2	12	607	0.01976936	
	2017	19	1	7	123	0.05691057	
	2017	19	2	13	274	0.04744526	
	2017	20	1	1	21	0.04761905	
	2017	20	2	2	45	0.04444444	
	2018	1	1	4	55	0.07272727	
	2018	1	2	4	44	0.09090909	
	2018	2	1	0	17	0	
	2018	2	2	0	6	0	
	2018	3	1	0	10	0	
	2018	3	2	0	5	0	
	2018	4	1	0	8	0	
	2018	4	2	0	9	0	
	2018	5	1	0	11	0	
	2018	5	2	0	9	0	
	2018	6	1	0	16	0	
	2018	6	2	0	15	0	
	2018	7	1	0	19	0	
	2018	7	2	1	17	0.05882353	
	2018	8	1	1	42	0.02380952	
	2018	8	2	1	19	0.05263158	
	2018	9	1	2	68	0.02941176	
	2018	9	2	1	37	0.02702703	
	2018	10	1	1	125	0.008	
	2018	10	2	1	65	0.01538462	
	2018	11	1	4	283	0.01413428	
	2018	11	2	3	86	0.03488372	
	2018	12	1	4	489	0.008179959	
	2018	12	2	2	152	0.01315789	
	2018	13	1	11	713	0.01542777	
	2018	13	2	5	245	0.02040816	
	2018	14	1	7	914	0.007658643	
	2018	14	2	6	393	0.01526718	
	2018	15	1	16	1061	0.01508011	
	2018	15	2	10	584	0.01712329	
	2018	16	1	37	947	0.03907075	
	2018	16	2	13	607	0.0214168	
	2018	17	1	30	804	0.03731343	
	2018	17	2	17	747	0.0227577	
	2018	18	1	23	405	0.05679012	
	2018	18	2	13	594	0.02188552	
	2018	19	1	7	132	0.0530303	
	2018	19	2	9	235	0.03829787	
	2018	20	1	2	26	0.07692308	
	2018	20	2	4	54	0.07407407	
	2019	1	1	1	55	0.01818182	
	2019	1	2	6	63	0.0952381	
	2019	2	1	0	17	0	
	2019	2	2	0	12	0	
	2019	3	1	0	14	0	
	2019	3	2	0	7	0	
	2019	4	1	0	9	0	
	2019	4	2	0	9	0	
	2019	5	1	0	14	0	
	2019	5	2	1	9	0.1111111	
	2019	6	1	0	14	0	
	2019	6	2	1	22	0.04545455	
	2019	7	1	0	15	0	
	2019	7	2	1	20	0.05	
	2019	8	1	0	28	0	
	2019	8	2	0	10	0	
	2019	9	1	2	46	0.04347826	
	2019	9	2	1	52	0.01923077	
	2019	10	1	0	96	0	
	2019	10	2	1	47	0.0212766	
	2019	11	1	3	266	0.0112782	
	2019	11	2	2	95	0.02105263	
	2019	12	1	3	434	0.006912442	
	2019	12	2	4	143	0.02797203	
	2019	13	1	11	725	0.01517241	
	2019	13	2	4	306	0.0130719	
	2019	14	1	15	891	0.01683502	
	2019	14	2	8	366	0.02185792	
	2019	15	1	23	1144	0.0201049	
	2019	15	2	11	615	0.01788618	
	2019	16	1	29	952	0.03046218	
	2019	16	2	12	700	0.01714286	
	2019	17	1	27	834	0.0323741	
	2019	17	2	18	709	0.02538787	
	2019	18	1	22	481	0.04573805	
	2019	18	2	15	620	0.02419355	
	2019	19	1	10	167	0.05988024	
	2019	19	2	15	302	0.04966887	
	2019	20	1	0	24	0	
	2019	20	2	2	75	0.02666667	
