
	H3_05_M Entfernung der Harnblase (Zystektomie), Mortalität // Ablation de la vessie (cystectomie), mortalité // Asportazione della vescica (cistectomia), mortalità
	BAG/OFSP/UFSP - CH-IQI Version V5-2 - Daten 2019 - 21. April 2021

	Jahr	AltEGrp	Sex	DeathCH	CasesCH	pCH	
	2008	5	1	0	1	0	
	2008	6	1	0	1	0	
	2008	6	2	0	2	0	
	2008	7	1	0	1	0	
	2008	7	2	0	1	0	
	2008	8	1	0	1	0	
	2008	8	2	0	1	0	
	2008	9	1	0	3	0	
	2008	9	2	0	6	0	
	2008	10	1	0	8	0	
	2008	10	2	0	4	0	
	2008	11	1	0	17	0	
	2008	11	2	1	9	0.1111111	
	2008	12	1	0	20	0	
	2008	12	2	0	10	0	
	2008	13	1	0	51	0	
	2008	13	2	0	11	0	
	2008	14	1	3	68	0.04411765	
	2008	14	2	1	13	0.07692308	
	2008	15	1	1	55	0.01818182	
	2008	15	2	1	19	0.05263158	
	2008	16	1	0	57	0	
	2008	16	2	0	15	0	
	2008	17	1	0	25	0	
	2008	17	2	0	18	0	
	2008	18	1	1	10	0.1	
	2008	19	1	0	1	0	
	2008	19	2	0	1	0	
	2009	1	2	0	1	0	
	2009	4	1	0	1	0	
	2009	7	1	0	1	0	
	2009	8	1	0	2	0	
	2009	8	2	0	2	0	
	2009	9	1	0	2	0	
	2009	9	2	0	2	0	
	2009	10	1	0	10	0	
	2009	10	2	0	2	0	
	2009	11	1	0	18	0	
	2009	11	2	0	8	0	
	2009	12	1	3	25	0.12	
	2009	12	2	0	4	0	
	2009	13	1	0	55	0	
	2009	13	2	0	12	0	
	2009	14	1	1	52	0.01923077	
	2009	14	2	0	21	0	
	2009	15	1	2	60	0.03333333	
	2009	15	2	0	13	0	
	2009	16	1	2	54	0.03703704	
	2009	16	2	2	24	0.08333333	
	2009	17	1	4	31	0.1290323	
	2009	17	2	0	18	0	
	2009	18	1	1	14	0.07142857	
	2009	18	2	1	3	0.3333333	
	2009	19	1	0	1	0	
	2010	1	1	0	1	0	
	2010	1	2	0	2	0	
	2010	4	1	0	1	0	
	2010	5	2	0	2	0	
	2010	7	2	0	2	0	
	2010	8	1	0	1	0	
	2010	8	2	0	1	0	
	2010	9	1	0	5	0	
	2010	9	2	0	2	0	
	2010	10	1	0	11	0	
	2010	10	2	0	4	0	
	2010	11	1	1	17	0.05882353	
	2010	11	2	0	13	0	
	2010	12	1	0	29	0	
	2010	12	2	0	7	0	
	2010	13	1	2	53	0.03773585	
	2010	13	2	1	17	0.05882353	
	2010	14	1	1	72	0.01388889	
	2010	14	2	0	19	0	
	2010	15	1	2	69	0.02898551	
	2010	15	2	0	15	0	
	2010	16	1	5	66	0.07575758	
	2010	16	2	0	23	0	
	2010	17	1	6	28	0.2142857	
	2010	17	2	0	10	0	
	2010	18	1	2	12	0.1666667	
	2010	18	2	1	11	0.09090909	
	2011	3	1	0	1	0	
	2011	4	2	0	1	0	
	2011	5	1	0	1	0	
	2011	6	2	0	1	0	
	2011	7	2	0	1	0	
	2011	9	1	0	3	0	
	2011	9	2	0	3	0	
	2011	10	1	0	9	0	
	2011	10	2	0	8	0	
	2011	11	1	0	13	0	
	2011	11	2	0	8	0	
	2011	12	1	0	30	0	
	2011	12	2	0	8	0	
	2011	13	1	1	38	0.02631579	
	2011	13	2	1	15	0.06666667	
	2011	14	1	0	63	0	
	2011	14	2	0	23	0	
	2011	15	1	1	71	0.01408451	
	2011	15	2	1	19	0.05263158	
	2011	16	1	3	72	0.04166667	
	2011	16	2	1	25	0.04	
	2011	17	1	2	34	0.05882353	
	2011	17	2	1	11	0.09090909	
	2011	18	1	2	11	0.1818182	
	2011	18	2	1	6	0.1666667	
	2011	19	1	0	1	0	
	2012	4	2	0	2	0	
	2012	5	1	0	1	0	
	2012	6	1	0	2	0	
	2012	6	2	0	1	0	
	2012	7	2	0	2	0	
	2012	8	2	0	3	0	
	2012	9	1	0	4	0	
	2012	9	2	0	2	0	
	2012	10	1	0	7	0	
	2012	10	2	0	1	0	
	2012	11	1	0	11	0	
	2012	11	2	0	3	0	
	2012	12	1	0	27	0	
	2012	12	2	0	11	0	
	2012	13	1	0	27	0	
	2012	13	2	0	21	0	
	2012	14	1	3	60	0.05	
	2012	14	2	1	26	0.03846154	
	2012	15	1	2	58	0.03448276	
	2012	15	2	0	25	0	
	2012	16	1	3	63	0.04761905	
	2012	16	2	2	22	0.09090909	
	2012	17	1	3	33	0.09090909	
	2012	17	2	1	10	0.1	
	2012	18	1	1	18	0.05555556	
	2012	18	2	0	4	0	
	2012	19	1	0	1	0	
	2013	5	2	0	1	0	
	2013	6	2	0	1	0	
	2013	7	1	0	2	0	
	2013	8	2	0	1	0	
	2013	9	1	0	3	0	
	2013	9	2	0	1	0	
	2013	10	1	0	9	0	
	2013	10	2	0	4	0	
	2013	11	1	2	12	0.1666667	
	2013	11	2	0	8	0	
	2013	12	1	0	32	0	
	2013	12	2	0	11	0	
	2013	13	1	2	53	0.03773585	
	2013	13	2	0	11	0	
	2013	14	1	1	61	0.01639344	
	2013	14	2	0	25	0	
	2013	15	1	6	73	0.08219178	
	2013	15	2	1	19	0.05263158	
	2013	16	1	2	58	0.03448276	
	2013	16	2	1	20	0.05	
	2013	17	1	3	30	0.1	
	2013	17	2	2	17	0.1176471	
	2013	18	1	3	14	0.2142857	
	2013	18	2	1	6	0.1666667	
	2013	19	1	0	1	0	
	2013	20	2	0	1	0	
	2014	1	1	0	1	0	
	2014	5	1	0	1	0	
	2014	5	2	0	1	0	
	2014	6	1	0	1	0	
	2014	6	2	0	1	0	
	2014	8	1	0	2	0	
	2014	8	2	0	2	0	
	2014	9	1	0	5	0	
	2014	9	2	0	2	0	
	2014	10	1	0	3	0	
	2014	10	2	0	4	0	
	2014	11	1	1	17	0.05882353	
	2014	11	2	0	8	0	
	2014	12	1	2	24	0.08333333	
	2014	12	2	0	9	0	
	2014	13	1	0	35	0	
	2014	13	2	1	16	0.0625	
	2014	14	1	2	74	0.02702703	
	2014	14	2	0	20	0	
	2014	15	1	5	71	0.07042254	
	2014	15	2	2	25	0.08	
	2014	16	1	5	57	0.0877193	
	2014	16	2	2	19	0.1052632	
	2014	17	1	1	36	0.02777778	
	2014	17	2	3	12	0.25	
	2014	18	1	2	12	0.1666667	
	2014	18	2	0	5	0	
	2015	4	2	0	1	0	
	2015	5	1	0	1	0	
	2015	5	2	0	1	0	
	2015	7	2	0	1	0	
	2015	8	1	0	1	0	
	2015	9	1	0	1	0	
	2015	9	2	0	1	0	
	2015	10	1	0	4	0	
	2015	10	2	0	2	0	
	2015	11	1	1	20	0.05	
	2015	11	2	0	3	0	
	2015	12	1	0	21	0	
	2015	12	2	0	8	0	
	2015	13	1	0	59	0	
	2015	13	2	1	11	0.09090909	
	2015	14	1	3	77	0.03896104	
	2015	14	2	1	17	0.05882353	
	2015	15	1	4	63	0.06349206	
	2015	15	2	0	27	0	
	2015	16	1	6	59	0.1016949	
	2015	16	2	0	26	0	
	2015	17	1	3	44	0.06818182	
	2015	17	2	0	16	0	
	2015	18	1	2	8	0.25	
	2015	18	2	0	1	0	
	2015	19	1	0	3	0	
	2015	19	2	0	1	0	
	2016	5	1	0	1	0	
	2016	6	1	0	1	0	
	2016	6	2	0	2	0	
	2016	7	2	0	2	0	
	2016	8	1	0	1	0	
	2016	8	2	0	1	0	
	2016	9	1	0	7	0	
	2016	9	2	0	2	0	
	2016	10	1	0	4	0	
	2016	10	2	0	7	0	
	2016	11	1	1	14	0.07142857	
	2016	11	2	0	8	0	
	2016	12	1	2	25	0.08	
	2016	12	2	0	9	0	
	2016	13	1	1	36	0.02777778	
	2016	13	2	1	20	0.05	
	2016	14	1	2	55	0.03636364	
	2016	14	2	1	15	0.06666667	
	2016	15	1	1	97	0.01030928	
	2016	15	2	1	18	0.05555556	
	2016	16	1	2	56	0.03571429	
	2016	16	2	2	31	0.06451613	
	2016	17	1	0	37	0	
	2016	17	2	1	15	0.06666667	
	2016	18	1	0	5	0	
	2016	18	2	1	5	0.2	
	2016	19	1	0	1	0	
	2017	5	1	0	1	0	
	2017	6	2	0	1	0	
	2017	7	2	0	1	0	
	2017	8	1	0	3	0	
	2017	8	2	0	1	0	
	2017	9	1	0	4	0	
	2017	9	2	0	4	0	
	2017	10	1	0	10	0	
	2017	10	2	0	1	0	
	2017	11	1	0	16	0	
	2017	11	2	0	2	0	
	2017	12	1	0	22	0	
	2017	12	2	0	6	0	
	2017	13	1	0	50	0	
	2017	13	2	0	17	0	
	2017	14	1	1	67	0.01492537	
	2017	14	2	1	16	0.0625	
	2017	15	1	3	74	0.04054054	
	2017	15	2	1	26	0.03846154	
	2017	16	1	4	61	0.06557377	
	2017	16	2	0	26	0	
	2017	17	1	3	32	0.09375	
	2017	17	2	1	14	0.07142857	
	2017	18	1	0	6	0	
	2017	18	2	0	4	0	
	2017	19	1	1	1	1	
	2018	6	1	0	1	0	
	2018	6	2	0	1	0	
	2018	7	2	0	2	0	
	2018	8	1	0	2	0	
	2018	8	2	0	2	0	
	2018	9	1	0	2	0	
	2018	9	2	0	6	0	
	2018	10	1	0	8	0	
	2018	10	2	0	5	0	
	2018	11	1	0	15	0	
	2018	11	2	1	12	0.08333333	
	2018	12	1	1	28	0.03571429	
	2018	12	2	0	5	0	
	2018	13	1	0	43	0	
	2018	13	2	0	11	0	
	2018	14	1	1	56	0.01785714	
	2018	14	2	1	22	0.04545455	
	2018	15	1	4	73	0.05479452	
	2018	15	2	1	17	0.05882353	
	2018	16	1	1	59	0.01694915	
	2018	16	2	1	23	0.04347826	
	2018	17	1	5	47	0.106383	
	2018	17	2	0	19	0	
	2018	18	1	1	9	0.1111111	
	2018	18	2	0	7	0	
	2018	19	1	0	1	0	
	2018	19	2	0	1	0	
	2018	20	1	0	1	0	
	2018	20	2	0	1	0	
	2019	2	1	0	1	0	
	2019	5	1	0	1	0	
	2019	7	1	0	2	0	
	2019	7	2	0	1	0	
	2019	8	1	0	2	0	
	2019	8	2	0	2	0	
	2019	9	1	0	1	0	
	2019	9	2	0	1	0	
	2019	10	1	0	6	0	
	2019	10	2	0	5	0	
	2019	11	1	0	12	0	
	2019	11	2	0	7	0	
	2019	12	1	0	31	0	
	2019	12	2	0	7	0	
	2019	13	1	1	39	0.02564103	
	2019	13	2	1	8	0.125	
	2019	14	1	0	85	0	
	2019	14	2	0	20	0	
	2019	15	1	1	84	0.01190476	
	2019	15	2	0	19	0	
	2019	16	1	2	86	0.02325581	
	2019	16	2	3	27	0.1111111	
	2019	17	1	5	52	0.09615385	
	2019	17	2	0	9	0	
	2019	18	1	1	18	0.05555556	
	2019	18	2	0	3	0	
	2019	19	2	0	1	0	
