
	D4_02_M Pneumonektomien bei Bronchialkarzinom, Mortalität // Pneumonectomie en cas de carcinome bronchique, mortalité // Pneumonectomia in caso di carcinoma bronchiale, mortalità
	BAG/OFSP/UFSP - CH-IQI Version V5-2 - Daten 2019 - 21. April 2021

	Jahr	AltEGrp	Sex	DeathCH	CasesCH	pCH	
	2008	9	1	0	1	0	
	2008	9	2	0	2	0	
	2008	10	1	1	7	0.1428571	
	2008	10	2	1	4	0.25	
	2008	11	1	0	8	0	
	2008	11	2	0	5	0	
	2008	12	1	0	22	0	
	2008	12	2	1	8	0.125	
	2008	13	1	1	28	0.03571429	
	2008	13	2	1	6	0.1666667	
	2008	14	1	1	17	0.05882353	
	2008	14	2	0	11	0	
	2008	15	1	2	11	0.1818182	
	2008	15	2	0	4	0	
	2008	16	1	1	5	0.2	
	2008	16	2	0	4	0	
	2008	17	1	0	3	0	
	2008	17	2	0	4	0	
	2009	6	1	0	1	0	
	2009	8	1	0	1	0	
	2009	8	2	0	1	0	
	2009	9	1	0	2	0	
	2009	9	2	0	1	0	
	2009	10	1	0	1	0	
	2009	10	2	0	1	0	
	2009	11	1	0	10	0	
	2009	11	2	0	4	0	
	2009	12	1	1	10	0.1	
	2009	12	2	0	3	0	
	2009	13	1	1	13	0.07692308	
	2009	13	2	0	6	0	
	2009	14	1	1	13	0.07692308	
	2009	14	2	0	4	0	
	2009	15	1	0	2	0	
	2009	15	2	0	3	0	
	2009	16	1	3	13	0.2307692	
	2009	16	2	0	1	0	
	2009	17	1	0	2	0	
	2009	17	2	0	1	0	
	2009	18	1	0	2	0	
	2010	9	1	0	2	0	
	2010	10	1	0	3	0	
	2010	10	2	0	5	0	
	2010	11	1	0	10	0	
	2010	11	2	0	6	0	
	2010	12	1	1	13	0.07692308	
	2010	12	2	0	6	0	
	2010	13	1	1	15	0.06666667	
	2010	13	2	1	7	0.1428571	
	2010	14	1	0	16	0	
	2010	14	2	0	7	0	
	2010	15	1	2	22	0.09090909	
	2010	15	2	0	4	0	
	2010	16	1	2	8	0.25	
	2010	16	2	0	1	0	
	2010	17	1	1	2	0.5	
	2010	17	2	0	2	0	
	2011	6	2	0	1	0	
	2011	8	1	0	1	0	
	2011	8	2	0	1	0	
	2011	9	1	0	2	0	
	2011	9	2	0	2	0	
	2011	10	1	0	4	0	
	2011	10	2	0	4	0	
	2011	11	1	0	5	0	
	2011	11	2	0	6	0	
	2011	12	1	0	10	0	
	2011	12	2	1	7	0.1428571	
	2011	13	1	3	16	0.1875	
	2011	13	2	0	4	0	
	2011	14	1	2	13	0.1538462	
	2011	14	2	0	11	0	
	2011	15	1	2	16	0.125	
	2011	15	2	0	3	0	
	2011	16	1	2	15	0.1333333	
	2011	16	2	0	3	0	
	2011	17	1	0	3	0	
	2012	7	2	0	1	0	
	2012	9	1	0	1	0	
	2012	9	2	0	2	0	
	2012	10	1	0	8	0	
	2012	10	2	0	4	0	
	2012	11	1	1	6	0.1666667	
	2012	11	2	0	3	0	
	2012	12	1	0	11	0	
	2012	12	2	0	5	0	
	2012	13	1	0	12	0	
	2012	13	2	1	5	0.2	
	2012	14	1	2	15	0.1333333	
	2012	14	2	0	5	0	
	2012	15	1	0	6	0	
	2012	15	2	0	8	0	
	2012	16	1	1	6	0.1666667	
	2012	17	1	0	3	0	
	2013	9	2	0	1	0	
	2013	10	1	0	4	0	
	2013	10	2	0	1	0	
	2013	11	1	0	2	0	
	2013	12	1	0	3	0	
	2013	12	2	2	5	0.4	
	2013	13	1	1	23	0.04347826	
	2013	13	2	0	6	0	
	2013	14	1	1	12	0.08333333	
	2013	14	2	0	4	0	
	2013	15	1	0	11	0	
	2013	15	2	0	4	0	
	2013	16	1	1	12	0.08333333	
	2013	17	1	0	2	0	
	2013	18	1	1	1	1	
	2014	7	2	0	1	0	
	2014	10	1	0	6	0	
	2014	11	1	0	9	0	
	2014	11	2	0	4	0	
	2014	12	1	1	7	0.1428571	
	2014	12	2	0	9	0	
	2014	13	1	0	12	0	
	2014	13	2	0	3	0	
	2014	14	1	1	12	0.08333333	
	2014	14	2	0	8	0	
	2014	15	1	3	12	0.25	
	2014	15	2	1	9	0.1111111	
	2014	16	1	0	6	0	
	2015	5	2	1	1	1	
	2015	7	1	0	1	0	
	2015	8	1	1	2	0.5	
	2015	8	2	0	1	0	
	2015	9	1	0	2	0	
	2015	10	2	0	2	0	
	2015	11	1	0	10	0	
	2015	11	2	0	4	0	
	2015	12	1	0	9	0	
	2015	12	2	1	3	0.3333333	
	2015	13	1	1	10	0.1	
	2015	13	2	0	4	0	
	2015	14	1	1	14	0.07142857	
	2015	14	2	0	3	0	
	2015	15	1	0	8	0	
	2015	15	2	1	8	0.125	
	2015	16	1	1	9	0.1111111	
	2015	16	2	0	2	0	
	2015	17	1	2	4	0.5	
	2016	3	1	0	1	0	
	2016	8	1	0	2	0	
	2016	9	1	0	2	0	
	2016	10	1	0	5	0	
	2016	10	2	1	2	0.5	
	2016	11	1	0	3	0	
	2016	11	2	0	3	0	
	2016	12	1	0	11	0	
	2016	12	2	0	5	0	
	2016	13	1	1	12	0.08333333	
	2016	13	2	1	3	0.3333333	
	2016	14	1	3	16	0.1875	
	2016	14	2	0	3	0	
	2016	15	1	0	9	0	
	2016	15	2	0	6	0	
	2016	16	1	1	7	0.1428571	
	2016	16	2	0	1	0	
	2016	17	1	0	2	0	
	2017	9	1	0	1	0	
	2017	10	1	0	2	0	
	2017	11	1	0	9	0	
	2017	11	2	0	4	0	
	2017	12	1	2	13	0.1538462	
	2017	12	2	0	3	0	
	2017	13	1	0	12	0	
	2017	13	2	0	6	0	
	2017	14	1	2	15	0.1333333	
	2017	14	2	0	6	0	
	2017	15	1	0	9	0	
	2017	15	2	0	3	0	
	2017	16	1	0	2	0	
	2017	16	2	0	1	0	
	2017	17	1	0	2	0	
	2018	4	2	0	1	0	
	2018	6	1	0	1	0	
	2018	8	1	0	2	0	
	2018	9	1	0	2	0	
	2018	9	2	0	1	0	
	2018	10	1	1	2	0.5	
	2018	11	1	1	5	0.2	
	2018	12	1	0	5	0	
	2018	12	2	0	4	0	
	2018	13	1	1	12	0.08333333	
	2018	13	2	0	4	0	
	2018	14	1	0	8	0	
	2018	14	2	0	9	0	
	2018	15	1	0	9	0	
	2018	15	2	0	4	0	
	2018	16	1	1	7	0.1428571	
	2018	16	2	0	1	0	
	2018	17	1	0	1	0	
	2019	10	1	0	3	0	
	2019	10	2	0	3	0	
	2019	11	1	0	4	0	
	2019	11	2	0	3	0	
	2019	12	1	0	5	0	
	2019	12	2	0	4	0	
	2019	13	1	0	14	0	
	2019	13	2	0	3	0	
	2019	14	1	0	9	0	
	2019	14	2	0	4	0	
	2019	15	1	1	9	0.1111111	
	2019	15	2	0	5	0	
	2019	16	1	2	6	0.3333333	
	2019	16	2	1	2	0.5	
	2019	17	1	1	2	0.5	
	2019	17	2	0	2	0	
