
	B2_01_M TIA, Mortalität // AIT, mortalité // TIA, mortalità
	BAG/OFSP/UFSP - CH-IQI Version V5-2 - Daten 2019 - 21. April 2021

	Jahr	AltEGrp	Sex	DeathCH	CasesCH	pCH	
	2008	2	1	0	1	0	
	2008	3	2	0	2	0	
	2008	4	1	0	1	0	
	2008	5	1	0	3	0	
	2008	5	2	0	3	0	
	2008	6	1	0	1	0	
	2008	6	2	0	5	0	
	2008	7	1	0	13	0	
	2008	7	2	0	9	0	
	2008	8	1	0	20	0	
	2008	8	2	0	8	0	
	2008	9	1	0	44	0	
	2008	9	2	0	25	0	
	2008	10	1	0	41	0	
	2008	10	2	0	44	0	
	2008	11	1	0	92	0	
	2008	11	2	0	47	0	
	2008	12	1	0	138	0	
	2008	12	2	0	82	0	
	2008	13	1	0	205	0	
	2008	13	2	0	136	0	
	2008	14	1	0	217	0	
	2008	14	2	1	150	0.006666667	
	2008	15	1	0	251	0	
	2008	15	2	0	230	0	
	2008	16	1	1	285	0.003508772	
	2008	16	2	1	289	0.003460208	
	2008	17	1	1	252	0.003968254	
	2008	17	2	1	324	0.00308642	
	2008	18	1	1	147	0.006802721	
	2008	18	2	3	253	0.01185771	
	2008	19	1	1	55	0.01818182	
	2008	19	2	1	91	0.01098901	
	2008	20	1	0	13	0	
	2008	20	2	1	27	0.03703704	
	2009	1	1	0	1	0	
	2009	2	1	0	1	0	
	2009	3	1	0	1	0	
	2009	3	2	0	3	0	
	2009	4	1	0	3	0	
	2009	4	2	0	4	0	
	2009	5	1	0	2	0	
	2009	5	2	0	3	0	
	2009	6	1	0	3	0	
	2009	6	2	0	7	0	
	2009	7	1	0	11	0	
	2009	7	2	0	6	0	
	2009	8	1	0	14	0	
	2009	8	2	0	6	0	
	2009	9	1	0	45	0	
	2009	9	2	0	28	0	
	2009	10	1	0	45	0	
	2009	10	2	0	31	0	
	2009	11	1	0	113	0	
	2009	11	2	0	49	0	
	2009	12	1	0	119	0	
	2009	12	2	0	85	0	
	2009	13	1	0	207	0	
	2009	13	2	0	132	0	
	2009	14	1	1	181	0.005524862	
	2009	14	2	0	170	0	
	2009	15	1	1	231	0.004329004	
	2009	15	2	0	194	0	
	2009	16	1	0	256	0	
	2009	16	2	0	264	0	
	2009	17	1	1	214	0.004672897	
	2009	17	2	1	316	0.003164557	
	2009	18	1	0	178	0	
	2009	18	2	0	261	0	
	2009	19	1	0	49	0	
	2009	19	2	0	94	0	
	2009	20	1	0	13	0	
	2009	20	2	0	29	0	
	2010	1	2	0	1	0	
	2010	2	1	0	1	0	
	2010	4	1	0	2	0	
	2010	4	2	0	1	0	
	2010	5	1	0	7	0	
	2010	5	2	0	3	0	
	2010	6	1	0	2	0	
	2010	6	2	0	4	0	
	2010	7	1	0	4	0	
	2010	7	2	0	6	0	
	2010	8	1	0	16	0	
	2010	8	2	0	9	0	
	2010	9	1	0	45	0	
	2010	9	2	0	14	0	
	2010	10	1	0	60	0	
	2010	10	2	0	35	0	
	2010	11	1	0	89	0	
	2010	11	2	0	73	0	
	2010	12	1	0	119	0	
	2010	12	2	0	94	0	
	2010	13	1	0	211	0	
	2010	13	2	1	137	0.00729927	
	2010	14	1	0	243	0	
	2010	14	2	0	214	0	
	2010	15	1	0	237	0	
	2010	15	2	0	223	0	
	2010	16	1	1	267	0.003745318	
	2010	16	2	2	283	0.007067138	
	2010	17	1	0	288	0	
	2010	17	2	1	357	0.00280112	
	2010	18	1	1	162	0.00617284	
	2010	18	2	1	297	0.003367003	
	2010	19	1	1	59	0.01694915	
	2010	19	2	2	104	0.01923077	
	2010	20	1	0	11	0	
	2010	20	2	0	21	0	
	2011	1	2	0	1	0	
	2011	3	2	0	1	0	
	2011	4	1	0	2	0	
	2011	4	2	0	4	0	
	2011	5	1	0	1	0	
	2011	5	2	0	6	0	
	2011	6	1	0	3	0	
	2011	6	2	0	9	0	
	2011	7	1	0	7	0	
	2011	7	2	0	15	0	
	2011	8	1	0	13	0	
	2011	8	2	0	14	0	
	2011	9	1	0	26	0	
	2011	9	2	0	21	0	
	2011	10	1	0	88	0	
	2011	10	2	0	38	0	
	2011	11	1	0	91	0	
	2011	11	2	0	43	0	
	2011	12	1	0	124	0	
	2011	12	2	0	95	0	
	2011	13	1	0	188	0	
	2011	13	2	1	147	0.006802721	
	2011	14	1	0	216	0	
	2011	14	2	0	206	0	
	2011	15	1	1	239	0.0041841	
	2011	15	2	0	249	0	
	2011	16	1	1	241	0.004149378	
	2011	16	2	0	296	0	
	2011	17	1	1	265	0.003773585	
	2011	17	2	3	287	0.01045296	
	2011	18	1	1	177	0.005649718	
	2011	18	2	3	312	0.009615385	
	2011	19	1	1	60	0.01666667	
	2011	19	2	0	101	0	
	2011	20	1	0	5	0	
	2011	20	2	2	26	0.07692308	
	2012	1	1	1	1	1	
	2012	2	2	0	1	0	
	2012	3	1	0	1	0	
	2012	3	2	0	1	0	
	2012	4	1	0	1	0	
	2012	4	2	0	1	0	
	2012	6	1	0	2	0	
	2012	6	2	0	4	0	
	2012	7	1	0	9	0	
	2012	7	2	0	8	0	
	2012	8	1	0	28	0	
	2012	8	2	0	17	0	
	2012	9	1	0	35	0	
	2012	9	2	0	14	0	
	2012	10	1	0	77	0	
	2012	10	2	0	48	0	
	2012	11	1	0	111	0	
	2012	11	2	0	65	0	
	2012	12	1	0	158	0	
	2012	12	2	0	93	0	
	2012	13	1	0	210	0	
	2012	13	2	0	139	0	
	2012	14	1	1	236	0.004237288	
	2012	14	2	0	198	0	
	2012	15	1	0	271	0	
	2012	15	2	0	253	0	
	2012	16	1	1	266	0.003759398	
	2012	16	2	2	289	0.006920415	
	2012	17	1	1	230	0.004347826	
	2012	17	2	3	336	0.008928571	
	2012	18	1	1	177	0.005649718	
	2012	18	2	0	250	0	
	2012	19	1	0	69	0	
	2012	19	2	2	105	0.01904762	
	2012	20	1	0	7	0	
	2012	20	2	0	35	0	
	2013	3	1	0	3	0	
	2013	3	2	0	2	0	
	2013	4	1	0	1	0	
	2013	5	1	0	7	0	
	2013	5	2	0	3	0	
	2013	6	1	0	2	0	
	2013	6	2	0	1	0	
	2013	7	1	0	11	0	
	2013	7	2	0	9	0	
	2013	8	1	0	17	0	
	2013	8	2	0	13	0	
	2013	9	1	0	29	0	
	2013	9	2	0	22	0	
	2013	10	1	0	78	0	
	2013	10	2	0	41	0	
	2013	11	1	0	104	0	
	2013	11	2	0	77	0	
	2013	12	1	0	167	0	
	2013	12	2	0	95	0	
	2013	13	1	0	202	0	
	2013	13	2	0	159	0	
	2013	14	1	0	235	0	
	2013	14	2	0	250	0	
	2013	15	1	0	247	0	
	2013	15	2	2	242	0.008264463	
	2013	16	1	1	298	0.003355705	
	2013	16	2	0	317	0	
	2013	17	1	0	265	0	
	2013	17	2	0	360	0	
	2013	18	1	5	178	0.02808989	
	2013	18	2	4	299	0.01337793	
	2013	19	1	1	67	0.01492537	
	2013	19	2	1	137	0.00729927	
	2013	20	1	0	7	0	
	2013	20	2	0	20	0	
	2014	2	2	0	1	0	
	2014	3	1	0	1	0	
	2014	4	1	0	2	0	
	2014	4	2	0	1	0	
	2014	5	1	0	5	0	
	2014	5	2	0	1	0	
	2014	6	1	0	5	0	
	2014	6	2	0	5	0	
	2014	7	1	0	18	0	
	2014	7	2	0	10	0	
	2014	8	1	0	18	0	
	2014	8	2	0	9	0	
	2014	9	1	0	34	0	
	2014	9	2	0	19	0	
	2014	10	1	0	72	0	
	2014	10	2	0	52	0	
	2014	11	1	0	95	0	
	2014	11	2	0	68	0	
	2014	12	1	0	147	0	
	2014	12	2	0	130	0	
	2014	13	1	0	205	0	
	2014	13	2	0	140	0	
	2014	14	1	0	247	0	
	2014	14	2	0	214	0	
	2014	15	1	0	315	0	
	2014	15	2	1	276	0.003623188	
	2014	16	1	2	316	0.006329114	
	2014	16	2	0	306	0	
	2014	17	1	4	296	0.01351351	
	2014	17	2	0	341	0	
	2014	18	1	3	152	0.01973684	
	2014	18	2	1	311	0.003215434	
	2014	19	1	1	54	0.01851852	
	2014	19	2	3	176	0.01704545	
	2014	20	1	0	9	0	
	2014	20	2	0	14	0	
	2015	4	1	0	4	0	
	2015	4	2	0	1	0	
	2015	5	1	0	3	0	
	2015	5	2	0	5	0	
	2015	6	1	0	5	0	
	2015	6	2	0	7	0	
	2015	7	1	0	15	0	
	2015	7	2	0	10	0	
	2015	8	1	0	25	0	
	2015	8	2	0	6	0	
	2015	9	1	0	34	0	
	2015	9	2	0	27	0	
	2015	10	1	0	77	0	
	2015	10	2	0	48	0	
	2015	11	1	0	116	0	
	2015	11	2	0	73	0	
	2015	12	1	0	181	0	
	2015	12	2	0	110	0	
	2015	13	1	0	203	0	
	2015	13	2	0	158	0	
	2015	14	1	0	244	0	
	2015	14	2	0	239	0	
	2015	15	1	0	290	0	
	2015	15	2	0	299	0	
	2015	16	1	1	299	0.003344482	
	2015	16	2	0	335	0	
	2015	17	1	0	305	0	
	2015	17	2	0	354	0	
	2015	18	1	2	210	0.00952381	
	2015	18	2	0	306	0	
	2015	19	1	1	77	0.01298701	
	2015	19	2	2	154	0.01298701	
	2015	20	1	0	8	0	
	2015	20	2	0	26	0	
	2016	2	2	0	1	0	
	2016	4	1	0	2	0	
	2016	5	1	0	8	0	
	2016	5	2	0	9	0	
	2016	6	1	0	12	0	
	2016	6	2	0	7	0	
	2016	7	1	0	11	0	
	2016	7	2	0	7	0	
	2016	8	1	0	32	0	
	2016	8	2	0	12	0	
	2016	9	1	0	41	0	
	2016	9	2	0	32	0	
	2016	10	1	0	69	0	
	2016	10	2	0	51	0	
	2016	11	1	0	140	0	
	2016	11	2	0	97	0	
	2016	12	1	0	182	0	
	2016	12	2	0	142	0	
	2016	13	1	0	219	0	
	2016	13	2	0	187	0	
	2016	14	1	1	282	0.003546099	
	2016	14	2	0	236	0	
	2016	15	1	0	334	0	
	2016	15	2	0	316	0	
	2016	16	1	1	335	0.002985075	
	2016	16	2	0	361	0	
	2016	17	1	1	275	0.003636364	
	2016	17	2	0	416	0	
	2016	18	1	0	211	0	
	2016	18	2	0	378	0	
	2016	19	1	0	91	0	
	2016	19	2	0	146	0	
	2016	20	1	0	8	0	
	2016	20	2	0	26	0	
	2017	1	2	0	1	0	
	2017	3	1	0	1	0	
	2017	3	2	0	1	0	
	2017	4	2	0	2	0	
	2017	5	1	0	4	0	
	2017	5	2	0	2	0	
	2017	6	1	0	6	0	
	2017	6	2	0	7	0	
	2017	7	1	0	22	0	
	2017	7	2	0	12	0	
	2017	8	1	0	24	0	
	2017	8	2	0	8	0	
	2017	9	1	0	47	0	
	2017	9	2	0	24	0	
	2017	10	1	0	90	0	
	2017	10	2	0	46	0	
	2017	11	1	0	139	0	
	2017	11	2	0	76	0	
	2017	12	1	0	158	0	
	2017	12	2	0	114	0	
	2017	13	1	0	232	0	
	2017	13	2	0	157	0	
	2017	14	1	0	260	0	
	2017	14	2	0	244	0	
	2017	15	1	0	328	0	
	2017	15	2	0	304	0	
	2017	16	1	1	307	0.003257329	
	2017	16	2	0	342	0	
	2017	17	1	2	304	0.006578947	
	2017	17	2	0	375	0	
	2017	18	1	0	192	0	
	2017	18	2	0	319	0	
	2017	19	1	2	92	0.02173913	
	2017	19	2	2	147	0.01360544	
	2017	20	1	0	10	0	
	2017	20	2	0	30	0	
	2018	1	2	0	1	0	
	2018	2	1	0	1	0	
	2018	2	2	0	1	0	
	2018	4	1	0	2	0	
	2018	4	2	0	1	0	
	2018	5	2	0	3	0	
	2018	6	1	0	6	0	
	2018	6	2	0	5	0	
	2018	7	1	0	13	0	
	2018	7	2	0	13	0	
	2018	8	1	0	13	0	
	2018	8	2	0	18	0	
	2018	9	1	0	34	0	
	2018	9	2	0	25	0	
	2018	10	1	0	83	0	
	2018	10	2	0	43	0	
	2018	11	1	0	142	0	
	2018	11	2	0	96	0	
	2018	12	1	0	192	0	
	2018	12	2	0	141	0	
	2018	13	1	0	225	0	
	2018	13	2	0	174	0	
	2018	14	1	1	256	0.00390625	
	2018	14	2	0	243	0	
	2018	15	1	0	324	0	
	2018	15	2	0	318	0	
	2018	16	1	1	317	0.003154574	
	2018	16	2	0	330	0	
	2018	17	1	0	301	0	
	2018	17	2	0	400	0	
	2018	18	1	1	227	0.004405286	
	2018	18	2	2	315	0.006349206	
	2018	19	1	1	78	0.01282051	
	2018	19	2	0	138	0	
	2018	20	1	1	18	0.05555556	
	2018	20	2	2	45	0.04444444	
	2019	2	1	0	1	0	
	2019	3	1	0	2	0	
	2019	3	2	0	1	0	
	2019	4	1	0	5	0	
	2019	4	2	0	2	0	
	2019	5	1	0	2	0	
	2019	5	2	0	7	0	
	2019	6	1	0	3	0	
	2019	6	2	0	5	0	
	2019	7	1	0	16	0	
	2019	7	2	0	17	0	
	2019	8	1	0	14	0	
	2019	8	2	0	14	0	
	2019	9	1	0	45	0	
	2019	9	2	0	21	0	
	2019	10	1	0	70	0	
	2019	10	2	0	38	0	
	2019	11	1	0	137	0	
	2019	11	2	0	108	0	
	2019	12	1	0	217	0	
	2019	12	2	0	137	0	
	2019	13	1	0	238	0	
	2019	13	2	0	184	0	
	2019	14	1	0	227	0	
	2019	14	2	0	218	0	
	2019	15	1	0	329	0	
	2019	15	2	1	294	0.003401361	
	2019	16	1	0	334	0	
	2019	16	2	0	360	0	
	2019	17	1	1	333	0.003003003	
	2019	17	2	1	399	0.002506266	
	2019	18	1	0	245	0	
	2019	18	2	0	338	0	
	2019	19	1	0	87	0	
	2019	19	2	0	156	0	
	2019	20	1	0	15	0	
	2019	20	2	1	41	0.02439024	
