
	J1_05_M Beatmungsfälle >24 h, mit OP (ohne Neugeborene), Mortalität // Cas de respiration artificielle >24 h, avec OP (à l'exclusion des nouveau­nés), mortalité // Casi di ventilazione meccanica >24 h, con OP (neonati esclusi), mortalità
	BAG/OFSP/UFSP - CH-IQI Version V5-2 - Daten 2019 - 21. April 2021

	Jahr	AltEGrp	Sex	DeathCH	CasesCH	pCH	
	2010	1	1	2	91	0.02197802	
	2010	1	2	7	92	0.07608696	
	2010	2	1	3	21	0.1428571	
	2010	2	2	2	20	0.1	
	2010	3	1	1	18	0.05555556	
	2010	3	2	0	16	0	
	2010	4	1	12	64	0.1875	
	2010	4	2	2	28	0.07142857	
	2010	5	1	3	51	0.05882353	
	2010	5	2	2	17	0.1176471	
	2010	6	1	2	61	0.03278689	
	2010	6	2	2	30	0.06666667	
	2010	7	1	9	77	0.1168831	
	2010	7	2	5	39	0.1282051	
	2010	8	1	13	104	0.125	
	2010	8	2	3	58	0.05172414	
	2010	9	1	24	143	0.1678322	
	2010	9	2	8	66	0.1212121	
	2010	10	1	40	231	0.1731602	
	2010	10	2	15	110	0.1363636	
	2010	11	1	38	286	0.1328671	
	2010	11	2	26	141	0.1843972	
	2010	12	1	57	372	0.1532258	
	2010	12	2	27	158	0.1708861	
	2010	13	1	90	508	0.1771654	
	2010	13	2	33	201	0.1641791	
	2010	14	1	111	545	0.2036697	
	2010	14	2	56	250	0.224	
	2010	15	1	129	563	0.2291297	
	2010	15	2	69	301	0.2292359	
	2010	16	1	140	519	0.2697495	
	2010	16	2	89	318	0.2798742	
	2010	17	1	121	300	0.4033333	
	2010	17	2	94	276	0.3405797	
	2010	18	1	43	100	0.43	
	2010	18	2	27	84	0.3214286	
	2010	19	1	3	9	0.3333333	
	2010	19	2	9	14	0.6428571	
	2010	20	2	2	2	1	
	2011	1	1	7	142	0.04929577	
	2011	1	2	7	127	0.05511811	
	2011	2	1	3	39	0.07692308	
	2011	2	2	3	29	0.1034483	
	2011	3	1	0	29	0	
	2011	3	2	2	31	0.06451613	
	2011	4	1	3	84	0.03571429	
	2011	4	2	1	35	0.02857143	
	2011	5	1	5	74	0.06756757	
	2011	5	2	1	24	0.04166667	
	2011	6	1	10	74	0.1351351	
	2011	6	2	4	31	0.1290323	
	2011	7	1	6	72	0.08333333	
	2011	7	2	3	42	0.07142857	
	2011	8	1	11	94	0.1170213	
	2011	8	2	7	57	0.122807	
	2011	9	1	16	137	0.1167883	
	2011	9	2	19	87	0.2183908	
	2011	10	1	28	234	0.1196581	
	2011	10	2	25	108	0.2314815	
	2011	11	1	50	306	0.1633987	
	2011	11	2	21	129	0.1627907	
	2011	12	1	59	379	0.1556728	
	2011	12	2	27	184	0.1467391	
	2011	13	1	98	523	0.1873805	
	2011	13	2	42	234	0.1794872	
	2011	14	1	102	600	0.17	
	2011	14	2	64	265	0.2415094	
	2011	15	1	142	572	0.2482517	
	2011	15	2	85	302	0.281457	
	2011	16	1	160	545	0.293578	
	2011	16	2	100	318	0.3144654	
	2011	17	1	106	347	0.3054755	
	2011	17	2	96	262	0.3664122	
	2011	18	1	51	127	0.4015748	
	2011	18	2	51	107	0.4766355	
	2011	19	1	8	17	0.4705882	
	2011	19	2	9	13	0.6923077	
	2011	20	1	2	3	0.6666667	
	2011	20	2	3	3	1	
	2012	1	1	8	141	0.05673759	
	2012	1	2	5	108	0.0462963	
	2012	2	1	0	28	0	
	2012	2	2	1	22	0.04545455	
	2012	3	1	2	17	0.1176471	
	2012	3	2	2	19	0.1052632	
	2012	4	1	3	48	0.0625	
	2012	4	2	0	26	0	
	2012	5	1	8	63	0.1269841	
	2012	5	2	3	22	0.1363636	
	2012	6	1	3	59	0.05084746	
	2012	6	2	5	38	0.1315789	
	2012	7	1	5	59	0.08474576	
	2012	7	2	5	38	0.1315789	
	2012	8	1	8	80	0.1	
	2012	8	2	6	51	0.1176471	
	2012	9	1	9	111	0.08108108	
	2012	9	2	10	70	0.1428571	
	2012	10	1	26	196	0.1326531	
	2012	10	2	18	125	0.144	
	2012	11	1	47	316	0.1487342	
	2012	11	2	18	156	0.1153846	
	2012	12	1	63	430	0.1465116	
	2012	12	2	48	192	0.25	
	2012	13	1	84	512	0.1640625	
	2012	13	2	58	249	0.2329317	
	2012	14	1	160	698	0.2292264	
	2012	14	2	67	307	0.218241	
	2012	15	1	165	590	0.279661	
	2012	15	2	93	344	0.2703488	
	2012	16	1	157	615	0.2552846	
	2012	16	2	116	372	0.311828	
	2012	17	1	130	382	0.3403141	
	2012	17	2	102	293	0.3481229	
	2012	18	1	65	137	0.4744526	
	2012	18	2	42	111	0.3783784	
	2012	19	1	19	31	0.6129032	
	2012	19	2	11	22	0.5	
	2012	20	1	1	3	0.3333333	
	2012	20	2	3	3	1	
	2013	1	1	8	156	0.05128205	
	2013	1	2	8	108	0.07407407	
	2013	2	1	4	29	0.137931	
	2013	2	2	4	26	0.1538462	
	2013	3	1	2	25	0.08	
	2013	3	2	2	28	0.07142857	
	2013	4	1	4	55	0.07272727	
	2013	4	2	4	27	0.1481481	
	2013	5	1	5	67	0.07462687	
	2013	5	2	2	28	0.07142857	
	2013	6	1	3	51	0.05882353	
	2013	6	2	1	32	0.03125	
	2013	7	1	9	68	0.1323529	
	2013	7	2	5	44	0.1136364	
	2013	8	1	10	84	0.1190476	
	2013	8	2	6	57	0.1052632	
	2013	9	1	23	139	0.1654676	
	2013	9	2	11	72	0.1527778	
	2013	10	1	34	229	0.1484716	
	2013	10	2	17	104	0.1634615	
	2013	11	1	56	313	0.1789137	
	2013	11	2	30	145	0.2068966	
	2013	12	1	69	399	0.1729323	
	2013	12	2	40	172	0.2325581	
	2013	13	1	104	543	0.1915285	
	2013	13	2	48	227	0.2114537	
	2013	14	1	143	625	0.2288	
	2013	14	2	79	279	0.2831541	
	2013	15	1	167	647	0.2581144	
	2013	15	2	94	320	0.29375	
	2013	16	1	158	579	0.2728843	
	2013	16	2	89	342	0.2602339	
	2013	17	1	155	459	0.3376906	
	2013	17	2	104	286	0.3636364	
	2013	18	1	55	131	0.4198473	
	2013	18	2	51	140	0.3642857	
	2013	19	1	16	26	0.6153846	
	2013	19	2	8	20	0.4	
	2013	20	1	4	4	1	
	2013	20	2	0	3	0	
	2014	1	1	9	163	0.05521472	
	2014	1	2	4	79	0.05063291	
	2014	2	1	3	36	0.08333333	
	2014	2	2	1	23	0.04347826	
	2014	3	1	3	24	0.125	
	2014	3	2	1	25	0.04	
	2014	4	1	4	45	0.08888889	
	2014	4	2	5	30	0.1666667	
	2014	5	1	5	54	0.09259259	
	2014	5	2	1	31	0.03225806	
	2014	6	1	9	59	0.1525424	
	2014	6	2	6	35	0.1714286	
	2014	7	1	7	71	0.09859155	
	2014	7	2	5	50	0.1	
	2014	8	1	12	87	0.137931	
	2014	8	2	3	40	0.075	
	2014	9	1	25	145	0.1724138	
	2014	9	2	8	58	0.137931	
	2014	10	1	33	211	0.1563981	
	2014	10	2	10	100	0.1	
	2014	11	1	52	346	0.150289	
	2014	11	2	22	113	0.1946903	
	2014	12	1	87	439	0.1981777	
	2014	12	2	35	176	0.1988636	
	2014	13	1	100	494	0.2024291	
	2014	13	2	38	207	0.1835749	
	2014	14	1	149	653	0.2281776	
	2014	14	2	62	251	0.247012	
	2014	15	1	168	646	0.2600619	
	2014	15	2	97	351	0.2763533	
	2014	16	1	174	614	0.2833876	
	2014	16	2	90	314	0.2866242	
	2014	17	1	154	436	0.353211	
	2014	17	2	113	295	0.3830508	
	2014	18	1	76	158	0.4810127	
	2014	18	2	67	153	0.4379085	
	2014	19	1	12	25	0.48	
	2014	19	2	18	38	0.4736842	
	2014	20	2	0	2	0	
	2015	1	1	12	142	0.08450704	
	2015	1	2	3	115	0.02608696	
	2015	2	1	5	23	0.2173913	
	2015	2	2	2	25	0.08	
	2015	3	1	1	12	0.08333333	
	2015	3	2	3	27	0.1111111	
	2015	4	1	5	41	0.1219512	
	2015	4	2	5	28	0.1785714	
	2015	5	1	3	59	0.05084746	
	2015	5	2	1	24	0.04166667	
	2015	6	1	8	60	0.1333333	
	2015	6	2	2	35	0.05714286	
	2015	7	1	8	65	0.1230769	
	2015	7	2	6	42	0.1428571	
	2015	8	1	12	83	0.1445783	
	2015	8	2	7	46	0.1521739	
	2015	9	1	19	128	0.1484375	
	2015	9	2	14	65	0.2153846	
	2015	10	1	29	198	0.1464646	
	2015	10	2	15	91	0.1648352	
	2015	11	1	41	301	0.1362126	
	2015	11	2	25	146	0.1712329	
	2015	12	1	66	391	0.168798	
	2015	12	2	23	136	0.1691176	
	2015	13	1	103	460	0.223913	
	2015	13	2	48	207	0.2318841	
	2015	14	1	118	595	0.1983193	
	2015	14	2	54	277	0.1949458	
	2015	15	1	182	603	0.3018242	
	2015	15	2	81	308	0.262987	
	2015	16	1	165	544	0.3033088	
	2015	16	2	86	300	0.2866667	
	2015	17	1	124	392	0.3163265	
	2015	17	2	87	228	0.3815789	
	2015	18	1	75	150	0.5	
	2015	18	2	46	103	0.4466019	
	2015	19	1	15	26	0.5769231	
	2015	19	2	12	32	0.375	
	2015	20	1	1	2	0.5	
	2015	20	2	1	1	1	
	2016	1	1	5	154	0.03246753	
	2016	1	2	3	104	0.02884615	
	2016	2	1	2	17	0.1176471	
	2016	2	2	2	24	0.08333333	
	2016	3	1	1	15	0.06666667	
	2016	3	2	1	12	0.08333333	
	2016	4	1	2	41	0.04878049	
	2016	4	2	3	25	0.12	
	2016	5	1	3	53	0.05660377	
	2016	5	2	4	22	0.1818182	
	2016	6	1	4	59	0.06779661	
	2016	6	2	0	37	0	
	2016	7	1	13	74	0.1756757	
	2016	7	2	7	43	0.1627907	
	2016	8	1	7	72	0.09722222	
	2016	8	2	5	54	0.09259259	
	2016	9	1	12	115	0.1043478	
	2016	9	2	11	68	0.1617647	
	2016	10	1	30	174	0.1724138	
	2016	10	2	18	79	0.2278481	
	2016	11	1	40	280	0.1428571	
	2016	11	2	24	149	0.1610738	
	2016	12	1	72	376	0.1914894	
	2016	12	2	33	188	0.1755319	
	2016	13	1	98	499	0.1963928	
	2016	13	2	47	203	0.2315271	
	2016	14	1	128	588	0.2176871	
	2016	14	2	72	288	0.25	
	2016	15	1	148	628	0.2356688	
	2016	15	2	103	341	0.3020528	
	2016	16	1	132	536	0.2462687	
	2016	16	2	113	345	0.3275362	
	2016	17	1	140	387	0.3617571	
	2016	17	2	110	270	0.4074074	
	2016	18	1	82	172	0.4767442	
	2016	18	2	59	122	0.4836066	
	2016	19	1	21	35	0.6	
	2016	19	2	13	29	0.4482759	
	2016	20	1	2	2	1	
	2016	20	2	3	5	0.6	
	2017	1	1	8	140	0.05714286	
	2017	1	2	6	98	0.06122449	
	2017	2	1	3	32	0.09375	
	2017	2	2	1	20	0.05	
	2017	3	1	3	16	0.1875	
	2017	3	2	4	16	0.25	
	2017	4	1	3	47	0.06382979	
	2017	4	2	4	22	0.1818182	
	2017	5	1	9	48	0.1875	
	2017	5	2	0	26	0	
	2017	6	1	7	64	0.109375	
	2017	6	2	3	35	0.08571429	
	2017	7	1	7	50	0.14	
	2017	7	2	4	28	0.1428571	
	2017	8	1	6	74	0.08108108	
	2017	8	2	11	57	0.1929825	
	2017	9	1	22	96	0.2291667	
	2017	9	2	7	52	0.1346154	
	2017	10	1	34	182	0.1868132	
	2017	10	2	11	70	0.1571429	
	2017	11	1	61	305	0.2	
	2017	11	2	18	122	0.147541	
	2017	12	1	109	383	0.2845953	
	2017	12	2	30	182	0.1648352	
	2017	13	1	88	462	0.1904762	
	2017	13	2	33	183	0.1803279	
	2017	14	1	124	537	0.2309125	
	2017	14	2	67	262	0.2557252	
	2017	15	1	166	584	0.2842466	
	2017	15	2	96	328	0.2926829	
	2017	16	1	142	519	0.2736031	
	2017	16	2	105	314	0.3343949	
	2017	17	1	121	348	0.3477011	
	2017	17	2	126	273	0.4615385	
	2017	18	1	73	152	0.4802632	
	2017	18	2	60	143	0.4195804	
	2017	19	1	19	29	0.6551724	
	2017	19	2	17	34	0.5	
	2017	20	1	1	1	1	
	2017	20	2	1	3	0.3333333	
	2018	1	1	12	121	0.09917355	
	2018	1	2	11	110	0.1	
	2018	2	1	3	25	0.12	
	2018	2	2	1	18	0.05555556	
	2018	3	1	2	22	0.09090909	
	2018	3	2	1	19	0.05263158	
	2018	4	1	2	23	0.08695652	
	2018	4	2	0	22	0	
	2018	5	1	1	39	0.02564103	
	2018	5	2	2	16	0.125	
	2018	6	1	5	46	0.1086957	
	2018	6	2	1	25	0.04	
	2018	7	1	5	43	0.1162791	
	2018	7	2	5	29	0.1724138	
	2018	8	1	9	63	0.1428571	
	2018	8	2	5	45	0.1111111	
	2018	9	1	13	91	0.1428571	
	2018	9	2	15	63	0.2380952	
	2018	10	1	34	164	0.2073171	
	2018	10	2	13	88	0.1477273	
	2018	11	1	38	250	0.152	
	2018	11	2	27	115	0.2347826	
	2018	12	1	76	389	0.1953728	
	2018	12	2	24	139	0.1726619	
	2018	13	1	95	454	0.2092511	
	2018	13	2	39	184	0.2119565	
	2018	14	1	127	519	0.2447013	
	2018	14	2	65	242	0.268595	
	2018	15	1	133	564	0.2358156	
	2018	15	2	80	286	0.2797203	
	2018	16	1	181	520	0.3480769	
	2018	16	2	118	317	0.3722397	
	2018	17	1	123	324	0.3796296	
	2018	17	2	78	217	0.359447	
	2018	18	1	54	118	0.4576271	
	2018	18	2	68	122	0.557377	
	2018	19	1	10	22	0.4545455	
	2018	19	2	16	32	0.5	
	2018	20	1	1	2	0.5	
	2018	20	2	3	6	0.5	
	2019	1	1	6	125	0.048	
	2019	1	2	1	114	0.00877193	
	2019	2	1	0	17	0	
	2019	2	2	2	23	0.08695652	
	2019	3	1	2	20	0.1	
	2019	3	2	0	14	0	
	2019	4	1	2	29	0.06896552	
	2019	4	2	1	20	0.05	
	2019	5	1	5	40	0.125	
	2019	5	2	4	21	0.1904762	
	2019	6	1	4	39	0.1025641	
	2019	6	2	3	24	0.125	
	2019	7	1	9	48	0.1875	
	2019	7	2	4	30	0.1333333	
	2019	8	1	13	65	0.2	
	2019	8	2	5	47	0.106383	
	2019	9	1	9	77	0.1168831	
	2019	9	2	11	45	0.2444444	
	2019	10	1	21	141	0.1489362	
	2019	10	2	11	62	0.1774194	
	2019	11	1	45	244	0.1844262	
	2019	11	2	16	98	0.1632653	
	2019	12	1	50	355	0.1408451	
	2019	12	2	32	151	0.2119205	
	2019	13	1	105	437	0.2402746	
	2019	13	2	38	150	0.2533333	
	2019	14	1	114	508	0.2244094	
	2019	14	2	53	225	0.2355556	
	2019	15	1	158	578	0.2733564	
	2019	15	2	80	290	0.2758621	
	2019	16	1	143	480	0.2979167	
	2019	16	2	90	279	0.3225806	
	2019	17	1	119	316	0.3765823	
	2019	17	2	97	222	0.4369369	
	2019	18	1	61	126	0.484127	
	2019	18	2	50	100	0.5	
	2019	19	1	13	20	0.65	
	2019	19	2	12	27	0.4444444	
	2019	20	1	1	2	0.5	
	2019	20	2	0	3	0	
