
	F5_06_M PTA iliacal/an Becken­/Beinarterien bei Ulzeration oder Gangrän, Mortalität // ATP des artères iliaques/du bassin/des jambes en cas d'ulcération ou de gangrène, mortalité // PTA di arterie iliache/del bacino/delle gambe in caso di ulcera o cancrena, mortalità
	BAG/OFSP/UFSP - CH-IQI Version V5-2 - Daten 2019 - 21. April 2021

	Jahr	AltEGrp	Sex	DeathCH	CasesCH	pCH	
	2009	9	1	0	1	0	
	2009	9	2	0	1	0	
	2009	10	1	0	1	0	
	2009	10	2	0	2	0	
	2009	11	1	0	7	0	
	2009	11	2	0	3	0	
	2009	12	1	0	18	0	
	2009	12	2	0	6	0	
	2009	13	1	0	27	0	
	2009	13	2	0	18	0	
	2009	14	1	0	45	0	
	2009	14	2	0	25	0	
	2009	15	1	1	56	0.01785714	
	2009	15	2	0	31	0	
	2009	16	1	3	87	0.03448276	
	2009	16	2	0	50	0	
	2009	17	1	5	82	0.06097561	
	2009	17	2	1	106	0.009433962	
	2009	18	1	3	54	0.05555556	
	2009	18	2	2	95	0.02105263	
	2009	19	1	1	20	0.05	
	2009	19	2	1	60	0.01666667	
	2009	20	1	0	7	0	
	2009	20	2	1	13	0.07692308	
	2010	9	1	0	5	0	
	2010	9	2	0	2	0	
	2010	10	1	0	8	0	
	2010	10	2	0	1	0	
	2010	11	1	0	11	0	
	2010	11	2	0	7	0	
	2010	12	1	0	21	0	
	2010	12	2	0	10	0	
	2010	13	1	1	45	0.02222222	
	2010	13	2	0	7	0	
	2010	14	1	2	74	0.02702703	
	2010	14	2	0	21	0	
	2010	15	1	0	66	0	
	2010	15	2	1	38	0.02631579	
	2010	16	1	2	80	0.025	
	2010	16	2	3	79	0.03797468	
	2010	17	1	3	137	0.02189781	
	2010	17	2	3	112	0.02678571	
	2010	18	1	2	57	0.03508772	
	2010	18	2	4	114	0.03508772	
	2010	19	1	2	30	0.06666667	
	2010	19	2	1	49	0.02040816	
	2010	20	1	0	8	0	
	2010	20	2	1	11	0.09090909	
	2011	8	1	0	1	0	
	2011	9	1	0	3	0	
	2011	9	2	0	1	0	
	2011	10	1	0	2	0	
	2011	10	2	0	1	0	
	2011	11	1	0	10	0	
	2011	11	2	0	7	0	
	2011	12	1	0	22	0	
	2011	12	2	0	13	0	
	2011	13	1	0	54	0	
	2011	13	2	0	15	0	
	2011	14	1	2	65	0.03076923	
	2011	14	2	0	21	0	
	2011	15	1	0	82	0	
	2011	15	2	0	52	0	
	2011	16	1	3	139	0.02158273	
	2011	16	2	2	82	0.02439024	
	2011	17	1	7	137	0.05109489	
	2011	17	2	2	136	0.01470588	
	2011	18	1	4	90	0.04444444	
	2011	18	2	2	142	0.01408451	
	2011	19	1	3	24	0.125	
	2011	19	2	3	54	0.05555556	
	2011	20	1	0	4	0	
	2011	20	2	1	17	0.05882353	
	2012	10	1	0	2	0	
	2012	10	2	0	1	0	
	2012	11	1	0	7	0	
	2012	11	2	0	7	0	
	2012	12	1	0	45	0	
	2012	12	2	0	15	0	
	2012	13	1	0	54	0	
	2012	13	2	0	12	0	
	2012	14	1	5	93	0.05376344	
	2012	14	2	0	28	0	
	2012	15	1	3	112	0.02678571	
	2012	15	2	1	44	0.02272727	
	2012	16	1	1	138	0.007246377	
	2012	16	2	4	76	0.05263158	
	2012	17	1	7	136	0.05147059	
	2012	17	2	4	136	0.02941176	
	2012	18	1	3	104	0.02884615	
	2012	18	2	3	144	0.02083333	
	2012	19	1	0	28	0	
	2012	19	2	3	70	0.04285714	
	2012	20	1	0	6	0	
	2012	20	2	1	14	0.07142857	
	2013	6	1	0	1	0	
	2013	8	1	0	1	0	
	2013	9	1	0	4	0	
	2013	9	2	0	1	0	
	2013	10	1	0	12	0	
	2013	10	2	0	4	0	
	2013	11	1	0	9	0	
	2013	11	2	0	3	0	
	2013	12	1	0	34	0	
	2013	12	2	0	17	0	
	2013	13	1	0	48	0	
	2013	13	2	0	15	0	
	2013	14	1	0	69	0	
	2013	14	2	1	34	0.02941176	
	2013	15	1	2	136	0.01470588	
	2013	15	2	1	58	0.01724138	
	2013	16	1	3	164	0.01829268	
	2013	16	2	4	91	0.04395604	
	2013	17	1	5	153	0.03267974	
	2013	17	2	3	109	0.02752294	
	2013	18	1	0	101	0	
	2013	18	2	3	144	0.02083333	
	2013	19	1	6	37	0.1621622	
	2013	19	2	2	81	0.02469136	
	2013	20	1	0	3	0	
	2013	20	2	1	16	0.0625	
	2014	8	1	0	1	0	
	2014	8	2	0	1	0	
	2014	9	1	0	3	0	
	2014	9	2	0	2	0	
	2014	10	1	0	10	0	
	2014	10	2	0	1	0	
	2014	11	1	0	16	0	
	2014	11	2	0	5	0	
	2014	12	1	1	37	0.02702703	
	2014	12	2	1	13	0.07692308	
	2014	13	1	1	44	0.02272727	
	2014	13	2	0	14	0	
	2014	14	1	1	87	0.01149425	
	2014	14	2	1	41	0.02439024	
	2014	15	1	2	108	0.01851852	
	2014	15	2	0	56	0	
	2014	16	1	9	163	0.05521472	
	2014	16	2	4	80	0.05	
	2014	17	1	8	155	0.0516129	
	2014	17	2	5	160	0.03125	
	2014	18	1	5	128	0.0390625	
	2014	18	2	6	166	0.03614458	
	2014	19	1	0	33	0	
	2014	19	2	2	92	0.02173913	
	2014	20	1	0	10	0	
	2014	20	2	0	16	0	
	2015	8	1	0	1	0	
	2015	9	1	0	2	0	
	2015	10	1	0	7	0	
	2015	10	2	0	3	0	
	2015	11	1	0	12	0	
	2015	11	2	0	6	0	
	2015	12	1	0	46	0	
	2015	12	2	0	8	0	
	2015	13	1	0	55	0	
	2015	13	2	0	28	0	
	2015	14	1	1	88	0.01136364	
	2015	14	2	0	50	0	
	2015	15	1	0	131	0	
	2015	15	2	0	79	0	
	2015	16	1	8	169	0.04733728	
	2015	16	2	4	101	0.03960396	
	2015	17	1	7	142	0.04929577	
	2015	17	2	5	171	0.02923977	
	2015	18	1	4	125	0.032	
	2015	18	2	5	190	0.02631579	
	2015	19	1	2	47	0.04255319	
	2015	19	2	5	97	0.05154639	
	2015	20	1	2	12	0.1666667	
	2015	20	2	1	20	0.05	
	2016	9	1	0	2	0	
	2016	10	1	0	7	0	
	2016	10	2	0	2	0	
	2016	11	1	0	12	0	
	2016	11	2	0	3	0	
	2016	12	1	0	38	0	
	2016	12	2	0	8	0	
	2016	13	1	0	71	0	
	2016	13	2	0	18	0	
	2016	14	1	1	100	0.01	
	2016	14	2	0	42	0	
	2016	15	1	2	163	0.01226994	
	2016	15	2	0	82	0	
	2016	16	1	5	168	0.0297619	
	2016	16	2	4	94	0.04255319	
	2016	17	1	11	196	0.05612245	
	2016	17	2	3	158	0.01898734	
	2016	18	1	3	140	0.02142857	
	2016	18	2	5	170	0.02941176	
	2016	19	1	6	50	0.12	
	2016	19	2	2	84	0.02380952	
	2016	20	1	1	7	0.1428571	
	2016	20	2	0	32	0	
	2017	9	1	0	3	0	
	2017	9	2	0	1	0	
	2017	10	1	0	8	0	
	2017	10	2	0	3	0	
	2017	11	1	0	12	0	
	2017	11	2	0	3	0	
	2017	12	1	1	45	0.02222222	
	2017	12	2	0	7	0	
	2017	13	1	1	68	0.01470588	
	2017	13	2	0	23	0	
	2017	14	1	1	110	0.009090909	
	2017	14	2	2	38	0.05263158	
	2017	15	1	2	134	0.01492537	
	2017	15	2	0	56	0	
	2017	16	1	6	190	0.03157895	
	2017	16	2	6	96	0.0625	
	2017	17	1	5	180	0.02777778	
	2017	17	2	3	137	0.02189781	
	2017	18	1	9	156	0.05769231	
	2017	18	2	5	171	0.02923977	
	2017	19	1	3	50	0.06	
	2017	19	2	5	114	0.04385965	
	2017	20	1	0	8	0	
	2017	20	2	1	22	0.04545455	
	2018	8	1	0	1	0	
	2018	9	2	0	2	0	
	2018	10	1	0	3	0	
	2018	10	2	0	3	0	
	2018	11	1	0	8	0	
	2018	11	2	0	5	0	
	2018	12	1	0	33	0	
	2018	12	2	0	4	0	
	2018	13	1	1	63	0.01587302	
	2018	13	2	0	25	0	
	2018	14	1	1	92	0.01086957	
	2018	14	2	0	28	0	
	2018	15	1	2	152	0.01315789	
	2018	15	2	1	67	0.01492537	
	2018	16	1	10	176	0.05681818	
	2018	16	2	3	76	0.03947368	
	2018	17	1	3	196	0.01530612	
	2018	17	2	5	152	0.03289474	
	2018	18	1	4	122	0.03278689	
	2018	18	2	2	158	0.01265823	
	2018	19	1	2	54	0.03703704	
	2018	19	2	2	92	0.02173913	
	2018	20	1	0	10	0	
	2018	20	2	1	21	0.04761905	
	2019	7	1	0	1	0	
	2019	9	1	0	2	0	
	2019	9	2	0	3	0	
	2019	10	1	0	3	0	
	2019	10	2	0	1	0	
	2019	11	1	0	15	0	
	2019	11	2	0	6	0	
	2019	12	1	1	31	0.03225806	
	2019	12	2	0	8	0	
	2019	13	1	1	71	0.01408451	
	2019	13	2	0	25	0	
	2019	14	1	0	108	0	
	2019	14	2	2	24	0.08333333	
	2019	15	1	4	147	0.02721088	
	2019	15	2	0	65	0	
	2019	16	1	6	157	0.03821656	
	2019	16	2	0	91	0	
	2019	17	1	6	189	0.03174603	
	2019	17	2	4	150	0.02666667	
	2019	18	1	7	154	0.04545455	
	2019	18	2	6	176	0.03409091	
	2019	19	1	2	64	0.03125	
	2019	19	2	4	123	0.03252033	
	2019	20	1	0	13	0	
	2019	20	2	0	30	0	
