
	J2_01_M HD Sepsis, Mortalität // DP septicémie, mortalité // DP sepsi, mortalità
	BAG/OFSP/UFSP - CH-IQI Version V5-2 - Daten 2019 - 21. April 2021

	Jahr	AltEGrp	Sex	DeathCH	CasesCH	pCH	
	2008	1	1	0	64	0	
	2008	1	2	2	36	0.05555556	
	2008	2	1	1	12	0.08333333	
	2008	2	2	0	3	0	
	2008	3	1	2	17	0.1176471	
	2008	3	2	0	2	0	
	2008	4	1	0	20	0	
	2008	4	2	0	27	0	
	2008	5	1	0	13	0	
	2008	5	2	1	29	0.03448276	
	2008	6	1	3	29	0.1034483	
	2008	6	2	0	39	0	
	2008	7	1	3	43	0.06976744	
	2008	7	2	0	47	0	
	2008	8	1	6	68	0.08823529	
	2008	8	2	2	72	0.02777778	
	2008	9	1	4	72	0.05555556	
	2008	9	2	3	74	0.04054054	
	2008	10	1	9	109	0.08256881	
	2008	10	2	8	95	0.08421053	
	2008	11	1	18	134	0.1343284	
	2008	11	2	14	107	0.1308411	
	2008	12	1	25	222	0.1126126	
	2008	12	2	19	155	0.1225806	
	2008	13	1	62	334	0.1856287	
	2008	13	2	32	205	0.1560976	
	2008	14	1	76	359	0.2116992	
	2008	14	2	51	275	0.1854545	
	2008	15	1	71	409	0.1735941	
	2008	15	2	50	345	0.1449275	
	2008	16	1	123	522	0.2356322	
	2008	16	2	72	454	0.1585903	
	2008	17	1	110	464	0.237069	
	2008	17	2	110	487	0.2258727	
	2008	18	1	78	287	0.271777	
	2008	18	2	80	346	0.2312139	
	2008	19	1	38	111	0.3423423	
	2008	19	2	43	134	0.3208955	
	2008	20	1	9	21	0.4285714	
	2008	20	2	6	21	0.2857143	
	2009	1	1	1	51	0.01960784	
	2009	1	2	2	39	0.05128205	
	2009	2	1	0	9	0	
	2009	2	2	0	6	0	
	2009	3	1	0	13	0	
	2009	3	2	0	6	0	
	2009	4	1	0	21	0	
	2009	4	2	1	39	0.02564103	
	2009	5	1	1	22	0.04545455	
	2009	5	2	2	34	0.05882353	
	2009	6	1	1	25	0.04	
	2009	6	2	1	34	0.02941176	
	2009	7	1	0	38	0	
	2009	7	2	0	57	0	
	2009	8	1	6	55	0.1090909	
	2009	8	2	4	70	0.05714286	
	2009	9	1	7	104	0.06730769	
	2009	9	2	7	90	0.07777778	
	2009	10	1	13	130	0.1	
	2009	10	2	13	111	0.1171171	
	2009	11	1	24	164	0.1463415	
	2009	11	2	21	138	0.1521739	
	2009	12	1	39	250	0.156	
	2009	12	2	19	170	0.1117647	
	2009	13	1	62	388	0.1597938	
	2009	13	2	37	239	0.1548117	
	2009	14	1	95	513	0.1851852	
	2009	14	2	52	334	0.1556886	
	2009	15	1	106	569	0.1862917	
	2009	15	2	57	433	0.1316397	
	2009	16	1	125	663	0.188537	
	2009	16	2	90	478	0.1882845	
	2009	17	1	154	574	0.2682927	
	2009	17	2	130	586	0.221843	
	2009	18	1	106	408	0.2598039	
	2009	18	2	110	463	0.237581	
	2009	19	1	27	101	0.2673267	
	2009	19	2	53	156	0.3397436	
	2009	20	1	8	24	0.3333333	
	2009	20	2	9	32	0.28125	
	2010	1	1	1	61	0.01639344	
	2010	1	2	2	34	0.05882353	
	2010	2	1	1	15	0.06666667	
	2010	2	2	1	12	0.08333333	
	2010	3	1	0	8	0	
	2010	3	2	1	8	0.125	
	2010	4	1	1	27	0.03703704	
	2010	4	2	2	35	0.05714286	
	2010	5	1	0	20	0	
	2010	5	2	0	40	0	
	2010	6	1	2	23	0.08695652	
	2010	6	2	1	48	0.02083333	
	2010	7	1	3	28	0.1071429	
	2010	7	2	3	51	0.05882353	
	2010	8	1	2	67	0.02985075	
	2010	8	2	3	79	0.03797468	
	2010	9	1	4	130	0.03076923	
	2010	9	2	6	84	0.07142857	
	2010	10	1	21	163	0.1288344	
	2010	10	2	9	147	0.06122449	
	2010	11	1	22	199	0.1105528	
	2010	11	2	22	179	0.122905	
	2010	12	1	43	285	0.1508772	
	2010	12	2	34	217	0.156682	
	2010	13	1	79	450	0.1755556	
	2010	13	2	38	268	0.141791	
	2010	14	1	90	565	0.159292	
	2010	14	2	52	357	0.1456583	
	2010	15	1	104	634	0.1640379	
	2010	15	2	72	438	0.1643836	
	2010	16	1	153	762	0.2007874	
	2010	16	2	112	592	0.1891892	
	2010	17	1	167	723	0.230982	
	2010	17	2	153	703	0.2176387	
	2010	18	1	132	508	0.2598425	
	2010	18	2	134	554	0.2418773	
	2010	19	1	48	176	0.2727273	
	2010	19	2	51	195	0.2615385	
	2010	20	1	8	34	0.2352941	
	2010	20	2	17	57	0.2982456	
	2011	1	1	2	67	0.02985075	
	2011	1	2	3	60	0.05	
	2011	2	1	0	18	0	
	2011	2	2	0	16	0	
	2011	3	1	0	8	0	
	2011	3	2	0	8	0	
	2011	4	1	1	22	0.04545455	
	2011	4	2	1	33	0.03030303	
	2011	5	1	0	36	0	
	2011	5	2	1	61	0.01639344	
	2011	6	1	5	41	0.1219512	
	2011	6	2	3	66	0.04545455	
	2011	7	1	3	33	0.09090909	
	2011	7	2	1	52	0.01923077	
	2011	8	1	3	68	0.04411765	
	2011	8	2	0	73	0	
	2011	9	1	4	129	0.03100775	
	2011	9	2	6	125	0.048	
	2011	10	1	25	215	0.1162791	
	2011	10	2	12	142	0.08450704	
	2011	11	1	28	259	0.1081081	
	2011	11	2	23	198	0.1161616	
	2011	12	1	38	360	0.1055556	
	2011	12	2	24	232	0.1034483	
	2011	13	1	61	457	0.1334792	
	2011	13	2	30	288	0.1041667	
	2011	14	1	79	686	0.1151603	
	2011	14	2	57	391	0.1457801	
	2011	15	1	104	743	0.1399731	
	2011	15	2	84	510	0.1647059	
	2011	16	1	130	840	0.1547619	
	2011	16	2	90	633	0.1421801	
	2011	17	1	158	816	0.1936275	
	2011	17	2	125	715	0.1748252	
	2011	18	1	121	532	0.2274436	
	2011	18	2	144	578	0.2491349	
	2011	19	1	47	179	0.2625698	
	2011	19	2	59	249	0.2369478	
	2011	20	1	14	41	0.3414634	
	2011	20	2	13	50	0.26	
	2012	1	1	2	59	0.03389831	
	2012	1	2	1	57	0.01754386	
	2012	2	1	2	14	0.1428571	
	2012	2	2	1	14	0.07142857	
	2012	3	1	0	22	0	
	2012	3	2	1	8	0.125	
	2012	4	1	1	31	0.03225806	
	2012	4	2	1	70	0.01428571	
	2012	5	1	2	43	0.04651163	
	2012	5	2	0	82	0	
	2012	6	1	0	49	0	
	2012	6	2	1	78	0.01282051	
	2012	7	1	0	50	0	
	2012	7	2	1	89	0.01123596	
	2012	8	1	5	75	0.06666667	
	2012	8	2	2	101	0.01980198	
	2012	9	1	7	137	0.05109489	
	2012	9	2	3	129	0.02325581	
	2012	10	1	19	228	0.08333333	
	2012	10	2	13	178	0.07303371	
	2012	11	1	27	298	0.09060403	
	2012	11	2	13	210	0.06190476	
	2012	12	1	39	394	0.09898477	
	2012	12	2	31	270	0.1148148	
	2012	13	1	64	598	0.1070234	
	2012	13	2	38	382	0.09947644	
	2012	14	1	117	808	0.144802	
	2012	14	2	58	505	0.1148515	
	2012	15	1	118	850	0.1388235	
	2012	15	2	68	586	0.116041	
	2012	16	1	158	976	0.1618852	
	2012	16	2	108	789	0.1368821	
	2012	17	1	171	928	0.1842672	
	2012	17	2	164	887	0.1848929	
	2012	18	1	133	641	0.2074883	
	2012	18	2	159	734	0.2166213	
	2012	19	1	74	276	0.2681159	
	2012	19	2	62	294	0.2108844	
	2012	20	1	12	50	0.24	
	2012	20	2	14	71	0.1971831	
	2013	1	1	2	94	0.0212766	
	2013	1	2	0	35	0	
	2013	2	1	1	16	0.0625	
	2013	2	2	0	9	0	
	2013	3	1	0	11	0	
	2013	3	2	1	17	0.05882353	
	2013	4	1	1	45	0.02222222	
	2013	4	2	0	75	0	
	2013	5	1	1	49	0.02040816	
	2013	5	2	2	113	0.01769912	
	2013	6	1	4	53	0.0754717	
	2013	6	2	0	78	0	
	2013	7	1	1	78	0.01282051	
	2013	7	2	0	82	0	
	2013	8	1	1	118	0.008474576	
	2013	8	2	4	139	0.02877698	
	2013	9	1	12	184	0.06521739	
	2013	9	2	13	187	0.06951872	
	2013	10	1	14	278	0.05035971	
	2013	10	2	8	203	0.03940887	
	2013	11	1	41	381	0.1076115	
	2013	11	2	18	272	0.06617647	
	2013	12	1	52	488	0.1065574	
	2013	12	2	24	317	0.07570978	
	2013	13	1	82	701	0.1169757	
	2013	13	2	46	429	0.1072261	
	2013	14	1	119	1024	0.1162109	
	2013	14	2	77	564	0.1365248	
	2013	15	1	156	1067	0.1462043	
	2013	15	2	70	701	0.09985735	
	2013	16	1	172	1118	0.1538462	
	2013	16	2	104	860	0.1209302	
	2013	17	1	224	1164	0.1924399	
	2013	17	2	139	977	0.1422723	
	2013	18	1	172	833	0.2064826	
	2013	18	2	167	867	0.1926182	
	2013	19	1	78	338	0.2307692	
	2013	19	2	106	393	0.2697201	
	2013	20	1	17	60	0.2833333	
	2013	20	2	13	64	0.203125	
	2014	1	1	2	36	0.05555556	
	2014	1	2	1	20	0.05	
	2014	2	1	0	4	0	
	2014	2	2	2	5	0.4	
	2014	3	1	1	5	0.2	
	2014	3	2	0	5	0	
	2014	4	1	1	18	0.05555556	
	2014	4	2	1	22	0.04545455	
	2014	5	1	1	21	0.04761905	
	2014	5	2	1	27	0.03703704	
	2014	6	1	2	19	0.1052632	
	2014	6	2	0	30	0	
	2014	7	1	4	32	0.125	
	2014	7	2	1	37	0.02702703	
	2014	8	1	2	45	0.04444444	
	2014	8	2	7	46	0.1521739	
	2014	9	1	12	76	0.1578947	
	2014	9	2	4	49	0.08163265	
	2014	10	1	15	125	0.12	
	2014	10	2	9	64	0.140625	
	2014	11	1	24	183	0.1311475	
	2014	11	2	19	103	0.184466	
	2014	12	1	57	246	0.2317073	
	2014	12	2	31	170	0.1823529	
	2014	13	1	69	341	0.202346	
	2014	13	2	34	197	0.1725888	
	2014	14	1	133	593	0.2242833	
	2014	14	2	68	322	0.2111801	
	2014	15	1	147	623	0.2359551	
	2014	15	2	71	386	0.1839378	
	2014	16	1	182	691	0.2633864	
	2014	16	2	99	458	0.2161572	
	2014	17	1	208	705	0.2950355	
	2014	17	2	163	537	0.3035382	
	2014	18	1	173	550	0.3145455	
	2014	18	2	174	507	0.3431953	
	2014	19	1	85	198	0.4292929	
	2014	19	2	69	197	0.3502538	
	2014	20	1	18	44	0.4090909	
	2014	20	2	29	56	0.5178571	
	2015	1	1	4	39	0.1025641	
	2015	1	2	0	22	0	
	2015	2	1	1	7	0.1428571	
	2015	2	2	0	4	0	
	2015	3	1	0	8	0	
	2015	3	2	1	8	0.125	
	2015	4	1	0	21	0	
	2015	4	2	2	15	0.1333333	
	2015	5	1	1	23	0.04347826	
	2015	5	2	0	22	0	
	2015	6	1	3	31	0.09677419	
	2015	6	2	0	25	0	
	2015	7	1	4	30	0.1333333	
	2015	7	2	1	22	0.04545455	
	2015	8	1	4	43	0.09302326	
	2015	8	2	4	47	0.08510638	
	2015	9	1	14	68	0.2058824	
	2015	9	2	5	80	0.0625	
	2015	10	1	13	121	0.107438	
	2015	10	2	6	93	0.06451613	
	2015	11	1	20	171	0.1169591	
	2015	11	2	21	147	0.1428571	
	2015	12	1	53	300	0.1766667	
	2015	12	2	24	177	0.1355932	
	2015	13	1	91	425	0.2141176	
	2015	13	2	39	260	0.15	
	2015	14	1	111	563	0.1971581	
	2015	14	2	63	346	0.1820809	
	2015	15	1	181	729	0.2482853	
	2015	15	2	86	419	0.2052506	
	2015	16	1	206	762	0.2703412	
	2015	16	2	110	502	0.2191235	
	2015	17	1	207	686	0.3017493	
	2015	17	2	171	605	0.2826446	
	2015	18	1	190	592	0.3209459	
	2015	18	2	171	517	0.3307544	
	2015	19	1	81	228	0.3552632	
	2015	19	2	109	273	0.3992674	
	2015	20	1	17	43	0.3953488	
	2015	20	2	24	58	0.4137931	
	2016	1	1	3	32	0.09375	
	2016	1	2	0	22	0	
	2016	2	1	0	10	0	
	2016	2	2	0	4	0	
	2016	3	1	1	9	0.1111111	
	2016	3	2	1	2	0.5	
	2016	4	1	3	19	0.1578947	
	2016	4	2	0	11	0	
	2016	5	1	1	21	0.04761905	
	2016	5	2	3	20	0.15	
	2016	6	1	1	18	0.05555556	
	2016	6	2	1	27	0.03703704	
	2016	7	1	5	38	0.1315789	
	2016	7	2	1	30	0.03333333	
	2016	8	1	2	37	0.05405405	
	2016	8	2	1	29	0.03448276	
	2016	9	1	6	59	0.1016949	
	2016	9	2	3	62	0.0483871	
	2016	10	1	16	143	0.1118881	
	2016	10	2	13	92	0.1413043	
	2016	11	1	24	184	0.1304348	
	2016	11	2	13	125	0.104	
	2016	12	1	33	272	0.1213235	
	2016	12	2	31	170	0.1823529	
	2016	13	1	57	363	0.1570248	
	2016	13	2	55	228	0.2412281	
	2016	14	1	107	547	0.1956124	
	2016	14	2	65	301	0.2159468	
	2016	15	1	132	635	0.207874	
	2016	15	2	74	399	0.1854637	
	2016	16	1	158	671	0.2354694	
	2016	16	2	118	469	0.2515991	
	2016	17	1	213	743	0.2866756	
	2016	17	2	140	545	0.2568807	
	2016	18	1	166	540	0.3074074	
	2016	18	2	167	501	0.3333333	
	2016	19	1	76	236	0.3220339	
	2016	19	2	96	254	0.3779528	
	2016	20	1	14	39	0.3589744	
	2016	20	2	23	43	0.5348837	
	2017	1	1	3	32	0.09375	
	2017	1	2	3	29	0.1034483	
	2017	2	1	0	10	0	
	2017	2	2	0	3	0	
	2017	3	1	0	10	0	
	2017	3	2	0	5	0	
	2017	4	1	0	13	0	
	2017	4	2	1	28	0.03571429	
	2017	5	1	2	10	0.2	
	2017	5	2	0	17	0	
	2017	6	1	1	17	0.05882353	
	2017	6	2	0	24	0	
	2017	7	1	0	23	0	
	2017	7	2	1	29	0.03448276	
	2017	8	1	5	52	0.09615385	
	2017	8	2	5	54	0.09259259	
	2017	9	1	7	60	0.1166667	
	2017	9	2	5	55	0.09090909	
	2017	10	1	18	117	0.1538462	
	2017	10	2	4	73	0.05479452	
	2017	11	1	31	179	0.1731844	
	2017	11	2	17	130	0.1307692	
	2017	12	1	42	252	0.1666667	
	2017	12	2	15	136	0.1102941	
	2017	13	1	67	368	0.1820652	
	2017	13	2	48	235	0.2042553	
	2017	14	1	97	570	0.1701754	
	2017	14	2	66	302	0.218543	
	2017	15	1	139	667	0.2083958	
	2017	15	2	75	428	0.1752336	
	2017	16	1	169	709	0.2383639	
	2017	16	2	112	488	0.2295082	
	2017	17	1	191	795	0.2402516	
	2017	17	2	173	610	0.2836066	
	2017	18	1	215	599	0.3589316	
	2017	18	2	175	544	0.3216912	
	2017	19	1	89	250	0.356	
	2017	19	2	107	303	0.3531353	
	2017	20	1	20	47	0.4255319	
	2017	20	2	34	80	0.425	
	2018	1	1	5	39	0.1282051	
	2018	1	2	1	34	0.02941176	
	2018	2	1	0	4	0	
	2018	2	2	1	4	0.25	
	2018	3	1	0	6	0	
	2018	3	2	1	12	0.08333333	
	2018	4	1	1	21	0.04761905	
	2018	4	2	1	22	0.04545455	
	2018	5	1	1	18	0.05555556	
	2018	5	2	0	18	0	
	2018	6	1	0	23	0	
	2018	6	2	0	23	0	
	2018	7	1	3	47	0.06382979	
	2018	7	2	2	35	0.05714286	
	2018	8	1	1	54	0.01851852	
	2018	8	2	0	47	0	
	2018	9	1	8	82	0.09756098	
	2018	9	2	6	79	0.07594937	
	2018	10	1	11	145	0.07586207	
	2018	10	2	12	100	0.12	
	2018	11	1	27	190	0.1421053	
	2018	11	2	17	125	0.136	
	2018	12	1	43	268	0.1604478	
	2018	12	2	32	201	0.159204	
	2018	13	1	60	392	0.1530612	
	2018	13	2	40	268	0.1492537	
	2018	14	1	112	564	0.1985816	
	2018	14	2	62	333	0.1861862	
	2018	15	1	146	758	0.1926121	
	2018	15	2	88	421	0.2090261	
	2018	16	1	186	801	0.2322097	
	2018	16	2	131	555	0.236036	
	2018	17	1	214	828	0.2584541	
	2018	17	2	144	640	0.225	
	2018	18	1	190	662	0.2870091	
	2018	18	2	161	592	0.2719595	
	2018	19	1	95	258	0.3682171	
	2018	19	2	95	296	0.3209459	
	2018	20	1	24	70	0.3428571	
	2018	20	2	16	63	0.2539683	
	2019	1	1	2	29	0.06896552	
	2019	1	2	0	16	0	
	2019	2	1	1	12	0.08333333	
	2019	2	2	0	9	0	
	2019	3	1	0	8	0	
	2019	3	2	2	9	0.2222222	
	2019	4	1	0	24	0	
	2019	4	2	0	24	0	
	2019	5	1	0	29	0	
	2019	5	2	3	30	0.1	
	2019	6	1	1	50	0.02	
	2019	6	2	3	50	0.06	
	2019	7	1	2	68	0.02941176	
	2019	7	2	2	45	0.04444444	
	2019	8	1	7	84	0.08333333	
	2019	8	2	3	74	0.04054054	
	2019	9	1	3	95	0.03157895	
	2019	9	2	5	59	0.08474576	
	2019	10	1	9	141	0.06382979	
	2019	10	2	7	100	0.07	
	2019	11	1	18	261	0.06896552	
	2019	11	2	14	146	0.09589041	
	2019	12	1	50	417	0.1199041	
	2019	12	2	33	265	0.1245283	
	2019	13	1	67	568	0.1179577	
	2019	13	2	32	309	0.1035599	
	2019	14	1	102	745	0.1369128	
	2019	14	2	62	426	0.1455399	
	2019	15	1	160	1073	0.1491146	
	2019	15	2	106	616	0.1720779	
	2019	16	1	198	1174	0.1686542	
	2019	16	2	126	740	0.1702703	
	2019	17	1	222	1210	0.1834711	
	2019	17	2	167	842	0.1983373	
	2019	18	1	219	961	0.2278876	
	2019	18	2	179	825	0.2169697	
	2019	19	1	100	389	0.2570694	
	2019	19	2	121	435	0.2781609	
	2019	20	1	22	93	0.2365591	
	2019	20	2	33	116	0.2844828	
