
	F5_04_M PTA iliacal/an Becken­/Beinarterien bei Claudicatio, Mortalität // ATP des artères iliaques/du bassin/des jambes en cas de claudication, mortalité // PTA di arterie iliache/del bacino/delle gambe in caso di claudicatio, mortalità
	BAG/OFSP/UFSP - CH-IQI Version V5-2 - Daten 2019 - 21. April 2021

	Jahr	AltEGrp	Sex	DeathCH	CasesCH	pCH	
	2009	6	2	0	1	0	
	2009	7	1	0	1	0	
	2009	8	1	0	2	0	
	2009	8	2	0	2	0	
	2009	9	1	0	4	0	
	2009	9	2	0	2	0	
	2009	10	1	0	38	0	
	2009	10	2	0	16	0	
	2009	11	1	0	92	0	
	2009	11	2	0	37	0	
	2009	12	1	0	168	0	
	2009	12	2	0	58	0	
	2009	13	1	0	244	0	
	2009	13	2	0	87	0	
	2009	14	1	1	298	0.003355705	
	2009	14	2	0	160	0	
	2009	15	1	0	325	0	
	2009	15	2	0	173	0	
	2009	16	1	0	282	0	
	2009	16	2	1	267	0.003745318	
	2009	17	1	0	190	0	
	2009	17	2	0	234	0	
	2009	18	1	2	84	0.02380952	
	2009	18	2	0	139	0	
	2009	19	1	1	16	0.0625	
	2009	19	2	2	36	0.05555556	
	2009	20	1	0	1	0	
	2009	20	2	0	6	0	
	2010	5	1	0	1	0	
	2010	6	1	0	3	0	
	2010	6	2	0	1	0	
	2010	7	1	0	2	0	
	2010	8	1	0	4	0	
	2010	8	2	0	1	0	
	2010	9	1	0	12	0	
	2010	9	2	0	10	0	
	2010	10	1	0	45	0	
	2010	10	2	0	15	0	
	2010	11	1	0	106	0	
	2010	11	2	0	31	0	
	2010	12	1	0	186	0	
	2010	12	2	0	72	0	
	2010	13	1	0	293	0	
	2010	13	2	0	105	0	
	2010	14	1	0	341	0	
	2010	14	2	1	187	0.005347594	
	2010	15	1	1	325	0.003076923	
	2010	15	2	0	170	0	
	2010	16	1	0	274	0	
	2010	16	2	2	280	0.007142857	
	2010	17	1	2	199	0.01005025	
	2010	17	2	1	218	0.004587156	
	2010	18	1	1	65	0.01538462	
	2010	18	2	1	114	0.00877193	
	2010	19	1	0	12	0	
	2010	19	2	0	29	0	
	2010	20	1	0	2	0	
	2010	20	2	0	11	0	
	2011	8	1	0	3	0	
	2011	8	2	0	4	0	
	2011	9	1	0	13	0	
	2011	9	2	0	5	0	
	2011	10	1	0	38	0	
	2011	10	2	0	11	0	
	2011	11	1	0	94	0	
	2011	11	2	0	30	0	
	2011	12	1	0	183	0	
	2011	12	2	0	63	0	
	2011	13	1	0	263	0	
	2011	13	2	0	99	0	
	2011	14	1	1	348	0.002873563	
	2011	14	2	0	138	0	
	2011	15	1	1	324	0.00308642	
	2011	15	2	0	203	0	
	2011	16	1	0	262	0	
	2011	16	2	0	253	0	
	2011	17	1	0	175	0	
	2011	17	2	0	223	0	
	2011	18	1	0	75	0	
	2011	18	2	0	134	0	
	2011	19	1	0	13	0	
	2011	19	2	0	24	0	
	2011	20	1	0	3	0	
	2011	20	2	0	3	0	
	2012	6	1	0	1	0	
	2012	8	2	0	1	0	
	2012	9	1	0	18	0	
	2012	9	2	1	8	0.125	
	2012	10	1	0	44	0	
	2012	10	2	0	26	0	
	2012	11	1	1	96	0.01041667	
	2012	11	2	0	38	0	
	2012	12	1	2	167	0.01197605	
	2012	12	2	0	62	0	
	2012	13	1	0	277	0	
	2012	13	2	0	103	0	
	2012	14	1	0	352	0	
	2012	14	2	1	154	0.006493506	
	2012	15	1	0	327	0	
	2012	15	2	0	184	0	
	2012	16	1	1	284	0.003521127	
	2012	16	2	0	236	0	
	2012	17	1	0	140	0	
	2012	17	2	1	237	0.004219409	
	2012	18	1	0	68	0	
	2012	18	2	1	146	0.006849315	
	2012	19	1	1	15	0.06666667	
	2012	19	2	0	30	0	
	2012	20	1	0	2	0	
	2012	20	2	0	3	0	
	2013	6	1	0	1	0	
	2013	8	1	0	3	0	
	2013	9	1	0	9	0	
	2013	9	2	0	11	0	
	2013	10	1	0	40	0	
	2013	10	2	0	14	0	
	2013	11	1	0	122	0	
	2013	11	2	0	34	0	
	2013	12	1	0	192	0	
	2013	12	2	0	77	0	
	2013	13	1	0	265	0	
	2013	13	2	0	99	0	
	2013	14	1	1	397	0.002518892	
	2013	14	2	0	161	0	
	2013	15	1	0	360	0	
	2013	15	2	0	216	0	
	2013	16	1	1	316	0.003164557	
	2013	16	2	1	257	0.003891051	
	2013	17	1	1	201	0.004975124	
	2013	17	2	0	245	0	
	2013	18	1	0	83	0	
	2013	18	2	1	135	0.007407407	
	2013	19	1	0	16	0	
	2013	19	2	0	31	0	
	2013	20	1	0	2	0	
	2013	20	2	0	2	0	
	2014	5	1	0	1	0	
	2014	6	1	0	1	0	
	2014	7	1	0	2	0	
	2014	8	1	0	2	0	
	2014	8	2	0	1	0	
	2014	9	1	0	8	0	
	2014	9	2	0	7	0	
	2014	10	1	0	57	0	
	2014	10	2	0	10	0	
	2014	11	1	0	134	0	
	2014	11	2	0	28	0	
	2014	12	1	0	212	0	
	2014	12	2	0	53	0	
	2014	13	1	0	301	0	
	2014	13	2	0	118	0	
	2014	14	1	1	456	0.002192982	
	2014	14	2	0	200	0	
	2014	15	1	1	427	0.00234192	
	2014	15	2	0	245	0	
	2014	16	1	1	316	0.003164557	
	2014	16	2	0	291	0	
	2014	17	1	2	203	0.009852217	
	2014	17	2	1	266	0.003759398	
	2014	18	1	1	71	0.01408451	
	2014	18	2	0	169	0	
	2014	19	1	1	12	0.08333333	
	2014	19	2	0	44	0	
	2014	20	1	0	2	0	
	2014	20	2	0	7	0	
	2015	7	1	0	1	0	
	2015	8	1	0	4	0	
	2015	8	2	0	6	0	
	2015	9	1	0	20	0	
	2015	9	2	0	3	0	
	2015	10	1	0	61	0	
	2015	10	2	0	13	0	
	2015	11	1	0	96	0	
	2015	11	2	0	32	0	
	2015	12	1	0	194	0	
	2015	12	2	0	76	0	
	2015	13	1	1	284	0.003521127	
	2015	13	2	0	109	0	
	2015	14	1	1	445	0.002247191	
	2015	14	2	0	197	0	
	2015	15	1	1	376	0.002659574	
	2015	15	2	0	239	0	
	2015	16	1	1	324	0.00308642	
	2015	16	2	1	275	0.003636364	
	2015	17	1	1	207	0.004830918	
	2015	17	2	2	281	0.007117438	
	2015	18	1	0	78	0	
	2015	18	2	2	129	0.01550388	
	2015	19	1	0	18	0	
	2015	19	2	0	39	0	
	2015	20	1	0	3	0	
	2015	20	2	1	6	0.1666667	
	2016	6	2	0	1	0	
	2016	7	1	0	1	0	
	2016	8	1	0	3	0	
	2016	9	1	0	10	0	
	2016	9	2	0	6	0	
	2016	10	1	0	36	0	
	2016	10	2	0	12	0	
	2016	11	1	1	100	0.01	
	2016	11	2	0	35	0	
	2016	12	1	1	210	0.004761905	
	2016	12	2	1	66	0.01515152	
	2016	13	1	0	306	0	
	2016	13	2	0	114	0	
	2016	14	1	1	407	0.002457002	
	2016	14	2	0	185	0	
	2016	15	1	1	404	0.002475248	
	2016	15	2	0	248	0	
	2016	16	1	1	317	0.003154574	
	2016	16	2	1	248	0.004032258	
	2016	17	1	0	191	0	
	2016	17	2	0	248	0	
	2016	18	1	0	85	0	
	2016	18	2	2	177	0.01129944	
	2016	19	1	0	26	0	
	2016	19	2	1	24	0.04166667	
	2016	20	1	0	2	0	
	2016	20	2	0	3	0	
	2017	5	1	0	1	0	
	2017	7	1	0	4	0	
	2017	8	1	0	1	0	
	2017	8	2	0	1	0	
	2017	9	1	0	14	0	
	2017	9	2	0	3	0	
	2017	10	1	0	48	0	
	2017	10	2	0	8	0	
	2017	11	1	0	112	0	
	2017	11	2	0	31	0	
	2017	12	1	0	217	0	
	2017	12	2	0	75	0	
	2017	13	1	0	346	0	
	2017	13	2	0	118	0	
	2017	14	1	1	385	0.002597403	
	2017	14	2	2	176	0.01136364	
	2017	15	1	0	494	0	
	2017	15	2	0	273	0	
	2017	16	1	0	338	0	
	2017	16	2	0	315	0	
	2017	17	1	2	205	0.009756098	
	2017	17	2	4	252	0.01587302	
	2017	18	1	1	82	0.01219512	
	2017	18	2	0	176	0	
	2017	19	1	0	11	0	
	2017	19	2	0	35	0	
	2017	20	1	0	2	0	
	2017	20	2	0	3	0	
	2018	6	1	0	1	0	
	2018	8	1	0	7	0	
	2018	9	1	0	18	0	
	2018	9	2	0	9	0	
	2018	10	1	0	49	0	
	2018	10	2	0	15	0	
	2018	11	1	0	105	0	
	2018	11	2	0	30	0	
	2018	12	1	0	218	0	
	2018	12	2	0	64	0	
	2018	13	1	0	295	0	
	2018	13	2	0	106	0	
	2018	14	1	0	368	0	
	2018	14	2	0	185	0	
	2018	15	1	0	406	0	
	2018	15	2	2	237	0.008438819	
	2018	16	1	1	302	0.003311258	
	2018	16	2	0	248	0	
	2018	17	1	1	206	0.004854369	
	2018	17	2	0	233	0	
	2018	18	1	3	87	0.03448276	
	2018	18	2	2	164	0.01219512	
	2018	19	1	0	17	0	
	2018	19	2	0	33	0	
	2018	20	1	0	1	0	
	2018	20	2	0	8	0	
	2019	7	2	0	1	0	
	2019	8	1	0	2	0	
	2019	9	1	0	7	0	
	2019	9	2	0	2	0	
	2019	10	1	0	22	0	
	2019	10	2	0	7	0	
	2019	11	1	0	103	0	
	2019	11	2	0	26	0	
	2019	12	1	1	152	0.006578947	
	2019	12	2	0	49	0	
	2019	13	1	0	256	0	
	2019	13	2	0	113	0	
	2019	14	1	1	306	0.003267974	
	2019	14	2	0	142	0	
	2019	15	1	1	382	0.002617801	
	2019	15	2	1	241	0.004149378	
	2019	16	1	1	288	0.003472222	
	2019	16	2	0	264	0	
	2019	17	1	1	216	0.00462963	
	2019	17	2	2	189	0.01058201	
	2019	18	1	0	75	0	
	2019	18	2	0	135	0	
	2019	19	1	0	16	0	
	2019	19	2	0	40	0	
	2019	20	2	0	11	0	
