
	E2_01_M Herniotomie ohne OP am Darm, Mortalität // Herniotomie sans OP de l'intestin, mortalité // Erniotomia senza OP all'intestino, mortalità
	BAG/OFSP/UFSP - CH-IQI Version V5-2 - Daten 2019 - 21. April 2021

	Jahr	AltEGrp	Sex	DeathCH	CasesCH	pCH	
	2008	1	1	0	315	0	
	2008	1	2	0	84	0	
	2008	2	1	0	28	0	
	2008	2	2	0	13	0	
	2008	3	1	0	19	0	
	2008	3	2	0	17	0	
	2008	4	1	0	244	0	
	2008	4	2	0	63	0	
	2008	5	1	0	453	0	
	2008	5	2	0	118	0	
	2008	6	1	0	506	0	
	2008	6	2	0	154	0	
	2008	7	1	0	571	0	
	2008	7	2	0	243	0	
	2008	8	1	0	874	0	
	2008	8	2	0	364	0	
	2008	9	1	0	1329	0	
	2008	9	2	0	384	0	
	2008	10	1	0	1582	0	
	2008	10	2	0	421	0	
	2008	11	1	0	1732	0	
	2008	11	2	0	331	0	
	2008	12	1	1	2015	0.0004962779	
	2008	12	2	1	350	0.002857143	
	2008	13	1	2	2258	0.0008857396	
	2008	13	2	0	383	0	
	2008	14	1	1	1857	0.000538503	
	2008	14	2	0	387	0	
	2008	15	1	1	1534	0.0006518905	
	2008	15	2	1	368	0.002717391	
	2008	16	1	2	1222	0.001636661	
	2008	16	2	4	366	0.01092896	
	2008	17	1	6	829	0.007237636	
	2008	17	2	2	257	0.007782101	
	2008	18	1	2	372	0.005376344	
	2008	18	2	4	153	0.02614379	
	2008	19	1	1	94	0.0106383	
	2008	19	2	1	35	0.02857143	
	2008	20	1	0	17	0	
	2008	20	2	0	7	0	
	2009	1	1	0	299	0	
	2009	1	2	0	66	0	
	2009	2	1	0	23	0	
	2009	2	2	0	15	0	
	2009	3	1	0	30	0	
	2009	3	2	0	19	0	
	2009	4	1	0	251	0	
	2009	4	2	0	67	0	
	2009	5	1	0	411	0	
	2009	5	2	0	115	0	
	2009	6	1	0	471	0	
	2009	6	2	0	160	0	
	2009	7	1	0	552	0	
	2009	7	2	1	249	0.004016064	
	2009	8	1	0	817	0	
	2009	8	2	0	319	0	
	2009	9	1	0	1262	0	
	2009	9	2	0	371	0	
	2009	10	1	0	1567	0	
	2009	10	2	0	370	0	
	2009	11	1	0	1721	0	
	2009	11	2	0	375	0	
	2009	12	1	0	1948	0	
	2009	12	2	0	318	0	
	2009	13	1	0	2316	0	
	2009	13	2	0	427	0	
	2009	14	1	3	1961	0.001529832	
	2009	14	2	0	413	0	
	2009	15	1	2	1686	0.00118624	
	2009	15	2	1	378	0.002645503	
	2009	16	1	3	1274	0.002354788	
	2009	16	2	2	388	0.005154639	
	2009	17	1	5	844	0.005924171	
	2009	17	2	6	293	0.02047782	
	2009	18	1	2	364	0.005494505	
	2009	18	2	5	143	0.03496503	
	2009	19	1	1	89	0.01123596	
	2009	19	2	0	31	0	
	2009	20	1	2	12	0.1666667	
	2009	20	2	1	9	0.1111111	
	2010	1	1	0	302	0	
	2010	1	2	0	92	0	
	2010	2	1	0	23	0	
	2010	2	2	0	13	0	
	2010	3	1	0	21	0	
	2010	3	2	0	10	0	
	2010	4	1	0	225	0	
	2010	4	2	0	53	0	
	2010	5	1	0	430	0	
	2010	5	2	0	103	0	
	2010	6	1	0	451	0	
	2010	6	2	0	146	0	
	2010	7	1	0	585	0	
	2010	7	2	0	243	0	
	2010	8	1	0	803	0	
	2010	8	2	0	370	0	
	2010	9	1	0	1227	0	
	2010	9	2	0	403	0	
	2010	10	1	0	1588	0	
	2010	10	2	1	402	0.002487562	
	2010	11	1	0	1720	0	
	2010	11	2	0	338	0	
	2010	12	1	0	1832	0	
	2010	12	2	0	351	0	
	2010	13	1	1	2219	0.0004506534	
	2010	13	2	0	441	0	
	2010	14	1	1	2050	0.0004878049	
	2010	14	2	2	456	0.004385965	
	2010	15	1	0	1659	0	
	2010	15	2	0	391	0	
	2010	16	1	5	1279	0.003909304	
	2010	16	2	2	372	0.005376344	
	2010	17	1	2	857	0.002333722	
	2010	17	2	2	272	0.007352941	
	2010	18	1	2	338	0.00591716	
	2010	18	2	2	155	0.01290323	
	2010	19	1	1	93	0.01075269	
	2010	19	2	0	35	0	
	2010	20	1	1	13	0.07692308	
	2010	20	2	0	7	0	
	2011	1	1	0	278	0	
	2011	1	2	0	76	0	
	2011	2	1	0	29	0	
	2011	2	2	0	15	0	
	2011	3	1	0	21	0	
	2011	3	2	0	10	0	
	2011	4	1	0	228	0	
	2011	4	2	0	62	0	
	2011	5	1	0	412	0	
	2011	5	2	0	118	0	
	2011	6	1	0	487	0	
	2011	6	2	0	143	0	
	2011	7	1	0	570	0	
	2011	7	2	0	266	0	
	2011	8	1	0	770	0	
	2011	8	2	0	404	0	
	2011	9	1	0	1252	0	
	2011	9	2	0	447	0	
	2011	10	1	0	1584	0	
	2011	10	2	0	374	0	
	2011	11	1	0	1766	0	
	2011	11	2	0	386	0	
	2011	12	1	1	1969	0.000507872	
	2011	12	2	0	345	0	
	2011	13	1	1	2203	0.0004539265	
	2011	13	2	0	432	0	
	2011	14	1	0	2156	0	
	2011	14	2	0	462	0	
	2011	15	1	2	1606	0.00124533	
	2011	15	2	0	400	0	
	2011	16	1	2	1329	0.001504891	
	2011	16	2	2	427	0.004683841	
	2011	17	1	1	858	0.001165501	
	2011	17	2	6	279	0.02150538	
	2011	18	1	4	357	0.01120448	
	2011	18	2	1	136	0.007352941	
	2011	19	1	1	99	0.01010101	
	2011	19	2	1	42	0.02380952	
	2011	20	1	2	16	0.125	
	2011	20	2	1	16	0.0625	
	2012	1	1	0	322	0	
	2012	1	2	0	84	0	
	2012	2	1	0	19	0	
	2012	2	2	0	16	0	
	2012	3	1	0	19	0	
	2012	3	2	0	13	0	
	2012	4	1	1	213	0.004694836	
	2012	4	2	0	54	0	
	2012	5	1	0	425	0	
	2012	5	2	0	114	0	
	2012	6	1	0	444	0	
	2012	6	2	0	174	0	
	2012	7	1	0	563	0	
	2012	7	2	0	290	0	
	2012	8	1	0	846	0	
	2012	8	2	0	358	0	
	2012	9	1	1	1200	0.0008333333	
	2012	9	2	0	423	0	
	2012	10	1	0	1637	0	
	2012	10	2	0	458	0	
	2012	11	1	1	1842	0.0005428882	
	2012	11	2	0	396	0	
	2012	12	1	1	2032	0.000492126	
	2012	12	2	0	357	0	
	2012	13	1	1	2225	0.0004494382	
	2012	13	2	0	435	0	
	2012	14	1	2	2208	0.0009057971	
	2012	14	2	1	435	0.002298851	
	2012	15	1	2	1708	0.00117096	
	2012	15	2	0	421	0	
	2012	16	1	5	1413	0.00353857	
	2012	16	2	4	389	0.01028278	
	2012	17	1	5	867	0.005767013	
	2012	17	2	4	304	0.01315789	
	2012	18	1	3	361	0.008310249	
	2012	18	2	1	163	0.006134969	
	2012	19	1	0	97	0	
	2012	19	2	1	47	0.0212766	
	2012	20	1	0	7	0	
	2012	20	2	0	8	0	
	2013	1	1	0	288	0	
	2013	1	2	0	80	0	
	2013	2	1	0	33	0	
	2013	2	2	0	9	0	
	2013	3	1	0	25	0	
	2013	3	2	0	12	0	
	2013	4	1	0	192	0	
	2013	4	2	0	66	0	
	2013	5	1	0	397	0	
	2013	5	2	0	103	0	
	2013	6	1	0	473	0	
	2013	6	2	0	164	0	
	2013	7	1	0	620	0	
	2013	7	2	0	277	0	
	2013	8	1	0	790	0	
	2013	8	2	0	377	0	
	2013	9	1	0	1200	0	
	2013	9	2	0	424	0	
	2013	10	1	1	1752	0.0005707763	
	2013	10	2	0	433	0	
	2013	11	1	0	1969	0	
	2013	11	2	0	457	0	
	2013	12	1	1	2152	0.000464684	
	2013	12	2	0	368	0	
	2013	13	1	0	2225	0	
	2013	13	2	0	455	0	
	2013	14	1	3	2329	0.001288106	
	2013	14	2	0	461	0	
	2013	15	1	3	1779	0.001686341	
	2013	15	2	3	439	0.006833713	
	2013	16	1	3	1319	0.00227445	
	2013	16	2	0	388	0	
	2013	17	1	4	871	0.004592423	
	2013	17	2	4	324	0.01234568	
	2013	18	1	5	415	0.01204819	
	2013	18	2	1	185	0.005405405	
	2013	19	1	3	100	0.03	
	2013	19	2	2	47	0.04255319	
	2013	20	1	0	11	0	
	2013	20	2	0	8	0	
	2014	1	1	0	317	0	
	2014	1	2	0	75	0	
	2014	2	1	0	25	0	
	2014	2	2	0	22	0	
	2014	3	1	0	26	0	
	2014	3	2	0	11	0	
	2014	4	1	0	189	0	
	2014	4	2	0	61	0	
	2014	5	1	0	404	0	
	2014	5	2	0	109	0	
	2014	6	1	0	477	0	
	2014	6	2	0	198	0	
	2014	7	1	0	642	0	
	2014	7	2	0	339	0	
	2014	8	1	0	806	0	
	2014	8	2	0	427	0	
	2014	9	1	0	1248	0	
	2014	9	2	0	425	0	
	2014	10	1	0	1638	0	
	2014	10	2	0	456	0	
	2014	11	1	0	2073	0	
	2014	11	2	0	447	0	
	2014	12	1	0	2178	0	
	2014	12	2	0	427	0	
	2014	13	1	1	2204	0.0004537205	
	2014	13	2	0	447	0	
	2014	14	1	0	2253	0	
	2014	14	2	0	427	0	
	2014	15	1	2	2005	0.0009975062	
	2014	15	2	0	454	0	
	2014	16	1	2	1389	0.001439885	
	2014	16	2	1	376	0.002659574	
	2014	17	1	2	925	0.002162162	
	2014	17	2	2	323	0.00619195	
	2014	18	1	4	436	0.009174312	
	2014	18	2	0	168	0	
	2014	19	1	2	97	0.02061856	
	2014	19	2	3	55	0.05454545	
	2014	20	1	1	10	0.1	
	2014	20	2	2	11	0.1818182	
	2015	1	1	0	336	0	
	2015	1	2	0	83	0	
	2015	2	1	0	16	0	
	2015	2	2	0	18	0	
	2015	3	1	0	17	0	
	2015	3	2	0	24	0	
	2015	4	1	0	186	0	
	2015	4	2	0	57	0	
	2015	5	1	0	356	0	
	2015	5	2	0	107	0	
	2015	6	1	0	422	0	
	2015	6	2	0	208	0	
	2015	7	1	0	557	0	
	2015	7	2	0	322	0	
	2015	8	1	0	839	0	
	2015	8	2	0	420	0	
	2015	9	1	0	1242	0	
	2015	9	2	0	452	0	
	2015	10	1	0	1709	0	
	2015	10	2	0	471	0	
	2015	11	1	0	2107	0	
	2015	11	2	0	463	0	
	2015	12	1	0	2132	0	
	2015	12	2	0	404	0	
	2015	13	1	2	2254	0.0008873114	
	2015	13	2	0	402	0	
	2015	14	1	0	2229	0	
	2015	14	2	1	433	0.002309469	
	2015	15	1	1	2064	0.0004844961	
	2015	15	2	1	524	0.001908397	
	2015	16	1	3	1461	0.002053388	
	2015	16	2	1	396	0.002525253	
	2015	17	1	4	960	0.004166667	
	2015	17	2	0	323	0	
	2015	18	1	2	417	0.004796163	
	2015	18	2	2	164	0.01219512	
	2015	19	1	1	101	0.00990099	
	2015	19	2	1	58	0.01724138	
	2015	20	1	0	21	0	
	2015	20	2	0	8	0	
	2016	1	1	0	283	0	
	2016	1	2	0	73	0	
	2016	2	1	0	31	0	
	2016	2	2	0	13	0	
	2016	3	1	0	18	0	
	2016	3	2	0	12	0	
	2016	4	1	0	172	0	
	2016	4	2	0	51	0	
	2016	5	1	0	397	0	
	2016	5	2	0	85	0	
	2016	6	1	0	471	0	
	2016	6	2	0	209	0	
	2016	7	1	0	622	0	
	2016	7	2	0	353	0	
	2016	8	1	0	836	0	
	2016	8	2	0	449	0	
	2016	9	1	0	1214	0	
	2016	9	2	0	444	0	
	2016	10	1	0	1656	0	
	2016	10	2	0	470	0	
	2016	11	1	0	2117	0	
	2016	11	2	0	470	0	
	2016	12	1	0	2212	0	
	2016	12	2	0	462	0	
	2016	13	1	1	2233	0.000447828	
	2016	13	2	0	449	0	
	2016	14	1	0	2192	0	
	2016	14	2	0	452	0	
	2016	15	1	3	2159	0.001389532	
	2016	15	2	0	517	0	
	2016	16	1	3	1517	0.001977587	
	2016	16	2	1	444	0.002252252	
	2016	17	1	3	924	0.003246753	
	2016	17	2	1	337	0.002967359	
	2016	18	1	2	424	0.004716981	
	2016	18	2	0	188	0	
	2016	19	1	2	121	0.01652893	
	2016	19	2	2	47	0.04255319	
	2016	20	1	0	12	0	
	2016	20	2	1	12	0.08333333	
	2017	1	1	0	286	0	
	2017	1	2	0	86	0	
	2017	2	1	0	36	0	
	2017	2	2	0	17	0	
	2017	3	1	0	19	0	
	2017	3	2	0	17	0	
	2017	4	1	0	184	0	
	2017	4	2	0	51	0	
	2017	5	1	0	333	0	
	2017	5	2	0	78	0	
	2017	6	1	0	459	0	
	2017	6	2	0	197	0	
	2017	7	1	0	610	0	
	2017	7	2	0	378	0	
	2017	8	1	0	887	0	
	2017	8	2	0	513	0	
	2017	9	1	0	1088	0	
	2017	9	2	0	484	0	
	2017	10	1	0	1614	0	
	2017	10	2	0	504	0	
	2017	11	1	1	2086	0.0004793864	
	2017	11	2	0	473	0	
	2017	12	1	1	2401	0.0004164931	
	2017	12	2	1	445	0.002247191	
	2017	13	1	1	2310	0.0004329004	
	2017	13	2	1	476	0.00210084	
	2017	14	1	1	2252	0.0004440497	
	2017	14	2	0	487	0	
	2017	15	1	2	2202	0.0009082652	
	2017	15	2	1	484	0.002066116	
	2017	16	1	1	1588	0.0006297229	
	2017	16	2	0	453	0	
	2017	17	1	1	980	0.001020408	
	2017	17	2	4	359	0.01114206	
	2017	18	1	1	445	0.002247191	
	2017	18	2	3	174	0.01724138	
	2017	19	1	0	104	0	
	2017	19	2	1	68	0.01470588	
	2017	20	1	0	14	0	
	2017	20	2	0	13	0	
	2018	1	1	0	339	0	
	2018	1	2	0	75	0	
	2018	2	1	0	35	0	
	2018	2	2	0	24	0	
	2018	3	1	0	18	0	
	2018	3	2	0	13	0	
	2018	4	1	0	128	0	
	2018	4	2	0	37	0	
	2018	5	1	0	278	0	
	2018	5	2	0	93	0	
	2018	6	1	0	420	0	
	2018	6	2	0	156	0	
	2018	7	1	0	540	0	
	2018	7	2	0	336	0	
	2018	8	1	0	745	0	
	2018	8	2	0	458	0	
	2018	9	1	1	1061	0.0009425071	
	2018	9	2	0	431	0	
	2018	10	1	0	1375	0	
	2018	10	2	0	453	0	
	2018	11	1	0	1922	0	
	2018	11	2	0	440	0	
	2018	12	1	1	2137	0.0004679457	
	2018	12	2	0	420	0	
	2018	13	1	0	2145	0	
	2018	13	2	0	445	0	
	2018	14	1	1	2029	0.0004928536	
	2018	14	2	0	500	0	
	2018	15	1	0	2155	0	
	2018	15	2	0	484	0	
	2018	16	1	2	1635	0.001223242	
	2018	16	2	1	518	0.001930502	
	2018	17	1	5	982	0.00509165	
	2018	17	2	2	363	0.005509642	
	2018	18	1	2	473	0.00422833	
	2018	18	2	3	184	0.01630435	
	2018	19	1	1	120	0.008333333	
	2018	19	2	3	57	0.05263158	
	2018	20	1	0	16	0	
	2018	20	2	1	10	0.1	
	2019	1	1	0	254	0	
	2019	1	2	0	74	0	
	2019	2	1	0	26	0	
	2019	2	2	0	7	0	
	2019	3	1	0	11	0	
	2019	3	2	0	6	0	
	2019	4	1	0	67	0	
	2019	4	2	0	25	0	
	2019	5	1	0	181	0	
	2019	5	2	0	58	0	
	2019	6	1	0	296	0	
	2019	6	2	0	140	0	
	2019	7	1	0	392	0	
	2019	7	2	0	265	0	
	2019	8	1	0	582	0	
	2019	8	2	0	443	0	
	2019	9	1	0	831	0	
	2019	9	2	0	400	0	
	2019	10	1	0	1095	0	
	2019	10	2	0	398	0	
	2019	11	1	0	1519	0	
	2019	11	2	0	409	0	
	2019	12	1	0	1863	0	
	2019	12	2	0	400	0	
	2019	13	1	0	1799	0	
	2019	13	2	2	458	0.004366812	
	2019	14	1	2	1678	0.001191895	
	2019	14	2	0	449	0	
	2019	15	1	0	1760	0	
	2019	15	2	1	463	0.002159827	
	2019	16	1	1	1452	0.0006887052	
	2019	16	2	1	446	0.002242152	
	2019	17	1	2	914	0.002188184	
	2019	17	2	4	327	0.01223242	
	2019	18	1	2	466	0.004291845	
	2019	18	2	3	201	0.01492537	
	2019	19	1	1	144	0.006944444	
	2019	19	2	1	62	0.01612903	
	2019	20	1	0	23	0	
	2019	20	2	0	5	0	
