
	J1_01_M Beatmungsfälle >24 h (ohne Neugeborene), Mortalität // Cas de respiration artificielle >24 h (à l'exclusion des nouveau­nés), mortalité // Casi di ventilazione meccanica >24 h (neonati esclusi), mortalità
	BAG/OFSP/UFSP - CH-IQI Version V5-2 - Daten 2019 - 21. April 2021

	Jahr	AltEGrp	Sex	DeathCH	CasesCH	pCH	
	2009	1	1	5	110	0.04545455	
	2009	1	2	6	78	0.07692308	
	2009	2	1	2	22	0.09090909	
	2009	2	2	3	16	0.1875	
	2009	3	1	5	25	0.2	
	2009	3	2	7	18	0.3888889	
	2009	4	1	6	76	0.07894737	
	2009	4	2	3	28	0.1071429	
	2009	5	1	6	97	0.06185567	
	2009	5	2	5	33	0.1515152	
	2009	6	1	6	68	0.08823529	
	2009	6	2	5	40	0.125	
	2009	7	1	9	74	0.1216216	
	2009	7	2	6	44	0.1363636	
	2009	8	1	13	82	0.1585366	
	2009	8	2	7	74	0.09459459	
	2009	9	1	26	169	0.1538462	
	2009	9	2	16	83	0.1927711	
	2009	10	1	36	232	0.1551724	
	2009	10	2	24	119	0.2016807	
	2009	11	1	42	291	0.1443299	
	2009	11	2	50	166	0.3012048	
	2009	12	1	83	404	0.2054455	
	2009	12	2	37	191	0.1937173	
	2009	13	1	91	532	0.1710526	
	2009	13	2	63	249	0.253012	
	2009	14	1	145	552	0.2626812	
	2009	14	2	70	259	0.2702703	
	2009	15	1	151	548	0.2755474	
	2009	15	2	83	308	0.2694805	
	2009	16	1	160	548	0.2919708	
	2009	16	2	101	361	0.2797784	
	2009	17	1	113	316	0.3575949	
	2009	17	2	68	219	0.3105023	
	2009	18	1	51	124	0.4112903	
	2009	18	2	36	95	0.3789474	
	2009	19	1	6	10	0.6	
	2009	19	2	9	12	0.75	
	2009	20	1	1	1	1	
	2009	20	2	1	2	0.5	
	2010	1	1	5	173	0.02890173	
	2010	1	2	11	140	0.07857143	
	2010	2	1	4	36	0.1111111	
	2010	2	2	4	30	0.1333333	
	2010	3	1	3	32	0.09375	
	2010	3	2	2	26	0.07692308	
	2010	4	1	13	87	0.1494253	
	2010	4	2	5	45	0.1111111	
	2010	5	1	7	79	0.08860759	
	2010	5	2	4	31	0.1290323	
	2010	6	1	4	93	0.04301075	
	2010	6	2	5	59	0.08474576	
	2010	7	1	14	113	0.1238938	
	2010	7	2	14	68	0.2058824	
	2010	8	1	17	161	0.1055901	
	2010	8	2	9	89	0.1011236	
	2010	9	1	36	232	0.1551724	
	2010	9	2	14	114	0.122807	
	2010	10	1	60	328	0.1829268	
	2010	10	2	31	185	0.1675676	
	2010	11	1	68	436	0.1559633	
	2010	11	2	43	237	0.1814346	
	2010	12	1	103	566	0.1819788	
	2010	12	2	43	248	0.1733871	
	2010	13	1	165	759	0.2173913	
	2010	13	2	68	346	0.1965318	
	2010	14	1	202	846	0.2387707	
	2010	14	2	108	428	0.2523364	
	2010	15	1	222	836	0.2655502	
	2010	15	2	136	503	0.2703777	
	2010	16	1	264	823	0.3207776	
	2010	16	2	163	520	0.3134615	
	2010	17	1	217	514	0.422179	
	2010	17	2	156	421	0.3705463	
	2010	18	1	72	161	0.447205	
	2010	18	2	54	148	0.3648649	
	2010	19	1	7	18	0.3888889	
	2010	19	2	10	17	0.5882353	
	2010	20	1	1	2	0.5	
	2010	20	2	2	3	0.6666667	
	2011	1	1	14	247	0.05668016	
	2011	1	2	12	201	0.05970149	
	2011	2	1	4	61	0.06557377	
	2011	2	2	7	44	0.1590909	
	2011	3	1	2	51	0.03921569	
	2011	3	2	3	47	0.06382979	
	2011	4	1	7	111	0.06306306	
	2011	4	2	4	65	0.06153846	
	2011	5	1	12	111	0.1081081	
	2011	5	2	4	53	0.0754717	
	2011	6	1	13	111	0.1171171	
	2011	6	2	10	54	0.1851852	
	2011	7	1	15	121	0.1239669	
	2011	7	2	4	64	0.0625	
	2011	8	1	18	152	0.1184211	
	2011	8	2	10	90	0.1111111	
	2011	9	1	31	249	0.124498	
	2011	9	2	30	140	0.2142857	
	2011	10	1	65	377	0.1724138	
	2011	10	2	41	182	0.2252747	
	2011	11	1	91	491	0.185336	
	2011	11	2	35	217	0.1612903	
	2011	12	1	117	603	0.1940299	
	2011	12	2	60	327	0.1834862	
	2011	13	1	172	795	0.2163522	
	2011	13	2	93	401	0.2319202	
	2011	14	1	206	955	0.2157068	
	2011	14	2	122	450	0.2711111	
	2011	15	1	227	883	0.2570781	
	2011	15	2	157	523	0.3001912	
	2011	16	1	290	883	0.3284258	
	2011	16	2	171	501	0.3413174	
	2011	17	1	207	592	0.3496622	
	2011	17	2	165	452	0.3650442	
	2011	18	1	99	211	0.4691943	
	2011	18	2	75	188	0.3989362	
	2011	19	1	10	28	0.3571429	
	2011	19	2	12	21	0.5714286	
	2011	20	1	2	4	0.5	
	2011	20	2	3	3	1	
	2012	1	1	11	233	0.0472103	
	2012	1	2	10	183	0.05464481	
	2012	2	1	1	43	0.02325581	
	2012	2	2	2	36	0.05555556	
	2012	3	1	5	39	0.1282051	
	2012	3	2	4	36	0.1111111	
	2012	4	1	6	70	0.08571429	
	2012	4	2	5	43	0.1162791	
	2012	5	1	12	103	0.1165049	
	2012	5	2	9	37	0.2432432	
	2012	6	1	11	98	0.1122449	
	2012	6	2	9	58	0.1551724	
	2012	7	1	12	101	0.1188119	
	2012	7	2	8	66	0.1212121	
	2012	8	1	14	139	0.1007194	
	2012	8	2	15	95	0.1578947	
	2012	9	1	21	200	0.105	
	2012	9	2	18	107	0.1682243	
	2012	10	1	54	326	0.1656442	
	2012	10	2	33	208	0.1586538	
	2012	11	1	89	478	0.1861925	
	2012	11	2	40	260	0.1538462	
	2012	12	1	117	644	0.181677	
	2012	12	2	84	317	0.2649842	
	2012	13	1	174	817	0.2129743	
	2012	13	2	112	432	0.2592593	
	2012	14	1	278	1079	0.257646	
	2012	14	2	133	529	0.2514178	
	2012	15	1	285	944	0.3019068	
	2012	15	2	171	571	0.2994746	
	2012	16	1	302	1005	0.3004975	
	2012	16	2	190	604	0.3145695	
	2012	17	1	261	629	0.4149444	
	2012	17	2	191	496	0.3850806	
	2012	18	1	110	236	0.4661017	
	2012	18	2	70	192	0.3645833	
	2012	19	1	33	51	0.6470588	
	2012	19	2	17	39	0.4358974	
	2012	20	1	1	3	0.3333333	
	2012	20	2	4	5	0.8	
	2013	1	1	17	243	0.06995885	
	2013	1	2	9	181	0.04972376	
	2013	2	1	7	51	0.1372549	
	2013	2	2	5	40	0.125	
	2013	3	1	4	43	0.09302326	
	2013	3	2	2	53	0.03773585	
	2013	4	1	9	90	0.1	
	2013	4	2	6	47	0.1276596	
	2013	5	1	9	109	0.08256881	
	2013	5	2	3	45	0.06666667	
	2013	6	1	7	92	0.07608696	
	2013	6	2	3	57	0.05263158	
	2013	7	1	16	117	0.1367521	
	2013	7	2	6	78	0.07692308	
	2013	8	1	14	145	0.09655172	
	2013	8	2	11	86	0.127907	
	2013	9	1	45	255	0.1764706	
	2013	9	2	20	125	0.16	
	2013	10	1	71	374	0.1898396	
	2013	10	2	31	178	0.1741573	
	2013	11	1	106	480	0.2208333	
	2013	11	2	49	260	0.1884615	
	2013	12	1	136	642	0.211838	
	2013	12	2	75	326	0.2300613	
	2013	13	1	190	859	0.2211874	
	2013	13	2	107	425	0.2517647	
	2013	14	1	273	1047	0.260745	
	2013	14	2	148	542	0.2730627	
	2013	15	1	316	1055	0.2995261	
	2013	15	2	175	588	0.297619	
	2013	16	1	316	979	0.3227783	
	2013	16	2	163	580	0.2810345	
	2013	17	1	277	738	0.3753388	
	2013	17	2	190	506	0.3754941	
	2013	18	1	109	240	0.4541667	
	2013	18	2	104	259	0.4015444	
	2013	19	1	31	52	0.5961538	
	2013	19	2	16	43	0.372093	
	2013	20	1	4	4	1	
	2013	20	2	2	7	0.2857143	
	2014	1	1	19	295	0.06440678	
	2014	1	2	9	171	0.05263158	
	2014	2	1	3	44	0.06818182	
	2014	2	2	3	42	0.07142857	
	2014	3	1	5	45	0.1111111	
	2014	3	2	4	44	0.09090909	
	2014	4	1	5	77	0.06493506	
	2014	4	2	6	48	0.125	
	2014	5	1	8	80	0.1	
	2014	5	2	6	47	0.1276596	
	2014	6	1	16	101	0.1584158	
	2014	6	2	9	65	0.1384615	
	2014	7	1	16	124	0.1290323	
	2014	7	2	15	88	0.1704545	
	2014	8	1	24	145	0.1655172	
	2014	8	2	6	76	0.07894737	
	2014	9	1	45	234	0.1923077	
	2014	9	2	15	108	0.1388889	
	2014	10	1	53	348	0.1522989	
	2014	10	2	25	173	0.1445087	
	2014	11	1	83	505	0.1643564	
	2014	11	2	52	212	0.245283	
	2014	12	1	140	674	0.2077151	
	2014	12	2	70	316	0.221519	
	2014	13	1	188	837	0.2246117	
	2014	13	2	80	369	0.2168022	
	2014	14	1	269	1087	0.2474701	
	2014	14	2	117	444	0.2635135	
	2014	15	1	308	1072	0.2873134	
	2014	15	2	180	610	0.295082	
	2014	16	1	320	1004	0.3187251	
	2014	16	2	165	570	0.2894737	
	2014	17	1	305	779	0.3915276	
	2014	17	2	196	526	0.3726236	
	2014	18	1	142	292	0.4863014	
	2014	18	2	118	285	0.4140351	
	2014	19	1	23	48	0.4791667	
	2014	19	2	32	62	0.516129	
	2014	20	1	1	2	0.5	
	2014	20	2	3	5	0.6	
	2015	1	1	23	261	0.08812261	
	2015	1	2	5	217	0.02304147	
	2015	2	1	6	39	0.1538462	
	2015	2	2	3	53	0.05660377	
	2015	3	1	3	27	0.1111111	
	2015	3	2	5	42	0.1190476	
	2015	4	1	8	63	0.1269841	
	2015	4	2	9	49	0.1836735	
	2015	5	1	4	85	0.04705882	
	2015	5	2	2	40	0.05	
	2015	6	1	14	111	0.1261261	
	2015	6	2	4	53	0.0754717	
	2015	7	1	15	116	0.1293103	
	2015	7	2	8	68	0.1176471	
	2015	8	1	20	127	0.1574803	
	2015	8	2	17	71	0.2394366	
	2015	9	1	36	204	0.1764706	
	2015	9	2	23	117	0.1965812	
	2015	10	1	56	335	0.1671642	
	2015	10	2	30	154	0.1948052	
	2015	11	1	83	494	0.1680162	
	2015	11	2	53	263	0.2015209	
	2015	12	1	120	624	0.1923077	
	2015	12	2	42	253	0.1660079	
	2015	13	1	187	793	0.2358134	
	2015	13	2	87	378	0.2301587	
	2015	14	1	238	1001	0.2377622	
	2015	14	2	125	533	0.2345216	
	2015	15	1	330	1055	0.3127962	
	2015	15	2	156	569	0.2741652	
	2015	16	1	300	919	0.3264418	
	2015	16	2	167	526	0.3174905	
	2015	17	1	252	680	0.3705882	
	2015	17	2	173	461	0.3752711	
	2015	18	1	144	285	0.5052632	
	2015	18	2	88	195	0.4512821	
	2015	19	1	28	51	0.5490196	
	2015	19	2	18	50	0.36	
	2015	20	1	1	5	0.2	
	2015	20	2	2	2	1	
	2016	1	1	10	267	0.03745318	
	2016	1	2	8	185	0.04324324	
	2016	2	1	3	29	0.1034483	
	2016	2	2	4	35	0.1142857	
	2016	3	1	3	28	0.1071429	
	2016	3	2	1	24	0.04166667	
	2016	4	1	4	62	0.06451613	
	2016	4	2	4	48	0.08333333	
	2016	5	1	8	92	0.08695652	
	2016	5	2	4	48	0.08333333	
	2016	6	1	7	85	0.08235294	
	2016	6	2	3	67	0.04477612	
	2016	7	1	17	123	0.1382114	
	2016	7	2	15	72	0.2083333	
	2016	8	1	11	101	0.1089109	
	2016	8	2	10	80	0.125	
	2016	9	1	28	196	0.1428571	
	2016	9	2	21	119	0.1764706	
	2016	10	1	56	305	0.1836066	
	2016	10	2	33	159	0.2075472	
	2016	11	1	71	474	0.149789	
	2016	11	2	44	253	0.173913	
	2016	12	1	126	600	0.21	
	2016	12	2	68	327	0.2079511	
	2016	13	1	182	826	0.220339	
	2016	13	2	103	390	0.2641026	
	2016	14	1	238	975	0.2441026	
	2016	14	2	123	501	0.245509	
	2016	15	1	294	1104	0.2663043	
	2016	15	2	187	602	0.3106312	
	2016	16	1	283	917	0.308615	
	2016	16	2	206	606	0.339934	
	2016	17	1	273	707	0.3861386	
	2016	17	2	185	477	0.3878407	
	2016	18	1	144	295	0.4881356	
	2016	18	2	119	244	0.4877049	
	2016	19	1	34	51	0.6666667	
	2016	19	2	18	49	0.3673469	
	2016	20	1	4	5	0.8	
	2016	20	2	4	7	0.5714286	
	2017	1	1	17	289	0.05882353	
	2017	1	2	13	185	0.07027027	
	2017	2	1	4	51	0.07843137	
	2017	2	2	4	35	0.1142857	
	2017	3	1	3	33	0.09090909	
	2017	3	2	7	29	0.2413793	
	2017	4	1	6	81	0.07407407	
	2017	4	2	5	42	0.1190476	
	2017	5	1	9	63	0.1428571	
	2017	5	2	2	40	0.05	
	2017	6	1	14	116	0.1206897	
	2017	6	2	7	62	0.1129032	
	2017	7	1	13	96	0.1354167	
	2017	7	2	8	48	0.1666667	
	2017	8	1	11	119	0.09243697	
	2017	8	2	16	86	0.1860465	
	2017	9	1	36	181	0.198895	
	2017	9	2	15	88	0.1704545	
	2017	10	1	64	308	0.2077922	
	2017	10	2	22	137	0.1605839	
	2017	11	1	100	490	0.2040816	
	2017	11	2	39	229	0.1703057	
	2017	12	1	165	615	0.2682927	
	2017	12	2	61	311	0.1961415	
	2017	13	1	176	778	0.2262211	
	2017	13	2	78	358	0.2178771	
	2017	14	1	240	938	0.2558635	
	2017	14	2	131	492	0.2662602	
	2017	15	1	326	1020	0.3196078	
	2017	15	2	188	625	0.3008	
	2017	16	1	315	954	0.3301887	
	2017	16	2	179	578	0.3096886	
	2017	17	1	264	672	0.3928571	
	2017	17	2	205	484	0.4235537	
	2017	18	1	149	290	0.5137931	
	2017	18	2	106	253	0.4189723	
	2017	19	1	32	52	0.6153846	
	2017	19	2	26	55	0.4727273	
	2017	20	1	2	3	0.6666667	
	2017	20	2	1	5	0.2	
	2018	1	1	20	290	0.06896552	
	2018	1	2	18	225	0.08	
	2018	2	1	3	48	0.0625	
	2018	2	2	2	39	0.05128205	
	2018	3	1	5	40	0.125	
	2018	3	2	2	38	0.05263158	
	2018	4	1	5	50	0.1	
	2018	4	2	3	52	0.05769231	
	2018	5	1	4	84	0.04761905	
	2018	5	2	6	35	0.1714286	
	2018	6	1	13	89	0.1460674	
	2018	6	2	5	55	0.09090909	
	2018	7	1	10	107	0.09345794	
	2018	7	2	10	66	0.1515152	
	2018	8	1	20	131	0.1526718	
	2018	8	2	13	90	0.1444444	
	2018	9	1	30	174	0.1724138	
	2018	9	2	19	106	0.1792453	
	2018	10	1	58	309	0.1877023	
	2018	10	2	29	173	0.1676301	
	2018	11	1	82	457	0.1794311	
	2018	11	2	56	230	0.2434783	
	2018	12	1	137	649	0.211094	
	2018	12	2	64	296	0.2162162	
	2018	13	1	199	798	0.2493734	
	2018	13	2	81	383	0.2114883	
	2018	14	1	242	890	0.2719101	
	2018	14	2	138	511	0.2700587	
	2018	15	1	281	1008	0.2787698	
	2018	15	2	174	595	0.292437	
	2018	16	1	350	936	0.3739316	
	2018	16	2	216	591	0.3654822	
	2018	17	1	279	682	0.4090909	
	2018	17	2	156	438	0.3561644	
	2018	18	1	114	266	0.4285714	
	2018	18	2	121	244	0.4959016	
	2018	19	1	30	54	0.5555556	
	2018	19	2	32	62	0.516129	
	2018	20	1	2	4	0.5	
	2018	20	2	3	7	0.4285714	
	2019	1	1	10	261	0.03831418	
	2019	1	2	5	231	0.02164502	
	2019	2	1	3	49	0.06122449	
	2019	2	2	2	51	0.03921569	
	2019	3	1	2	34	0.05882353	
	2019	3	2	4	33	0.1212121	
	2019	4	1	4	55	0.07272727	
	2019	4	2	3	44	0.06818182	
	2019	5	1	8	66	0.1212121	
	2019	5	2	8	35	0.2285714	
	2019	6	1	7	64	0.109375	
	2019	6	2	9	45	0.2	
	2019	7	1	11	85	0.1294118	
	2019	7	2	9	54	0.1666667	
	2019	8	1	24	122	0.1967213	
	2019	8	2	14	92	0.1521739	
	2019	9	1	16	152	0.1052632	
	2019	9	2	19	83	0.2289157	
	2019	10	1	48	252	0.1904762	
	2019	10	2	16	122	0.1311475	
	2019	11	1	84	448	0.1875	
	2019	11	2	40	199	0.201005	
	2019	12	1	106	625	0.1696	
	2019	12	2	67	294	0.2278912	
	2019	13	1	191	756	0.2526455	
	2019	13	2	81	326	0.2484663	
	2019	14	1	221	923	0.2394366	
	2019	14	2	110	463	0.237581	
	2019	15	1	307	1069	0.2871843	
	2019	15	2	186	614	0.3029316	
	2019	16	1	317	925	0.3427027	
	2019	16	2	176	577	0.305026	
	2019	17	1	257	643	0.399689	
	2019	17	2	180	439	0.4100228	
	2019	18	1	135	272	0.4963235	
	2019	18	2	106	238	0.4453782	
	2019	19	1	34	63	0.5396825	
	2019	19	2	19	47	0.4042553	
	2019	20	1	1	3	0.3333333	
	2019	20	2	2	6	0.3333333	
