
	F1_06_M Extrakranielle Gefäss­OP A. carotis (Alter >19), Mortalität // OP des vaisseaux extra­crâniens sur l'artère carotide (âge >19), mortalité // OP sui vasi extracranici all'arteria carotide (età >19), mortalità
	BAG/OFSP/UFSP - CH-IQI Version V5-2 - Daten 2019 - 21. April 2021

	Jahr	AltEGrp	Sex	DeathCH	CasesCH	pCH	
	2008	5	2	0	1	0	
	2008	6	1	0	1	0	
	2008	7	1	0	1	0	
	2008	7	2	0	1	0	
	2008	9	1	0	3	0	
	2008	10	1	0	6	0	
	2008	10	2	0	4	0	
	2008	11	1	0	27	0	
	2008	11	2	0	8	0	
	2008	12	1	1	39	0.02564103	
	2008	12	2	0	19	0	
	2008	13	1	0	89	0	
	2008	13	2	0	22	0	
	2008	14	1	0	122	0	
	2008	14	2	1	44	0.02272727	
	2008	15	1	0	157	0	
	2008	15	2	0	72	0	
	2008	16	1	1	151	0.006622517	
	2008	16	2	1	65	0.01538462	
	2008	17	1	0	73	0	
	2008	17	2	0	34	0	
	2008	18	1	0	18	0	
	2008	18	2	0	9	0	
	2008	19	1	0	4	0	
	2009	5	1	0	1	0	
	2009	6	2	0	1	0	
	2009	7	1	0	1	0	
	2009	7	2	0	1	0	
	2009	8	1	0	1	0	
	2009	9	1	0	1	0	
	2009	9	2	0	3	0	
	2009	10	1	0	10	0	
	2009	10	2	0	6	0	
	2009	11	1	0	19	0	
	2009	11	2	0	9	0	
	2009	12	1	0	46	0	
	2009	12	2	0	11	0	
	2009	13	1	0	98	0	
	2009	13	2	0	39	0	
	2009	14	1	0	115	0	
	2009	14	2	0	46	0	
	2009	15	1	3	146	0.02054795	
	2009	15	2	0	65	0	
	2009	16	1	0	146	0	
	2009	16	2	0	65	0	
	2009	17	1	0	70	0	
	2009	17	2	0	40	0	
	2009	18	1	1	19	0.05263158	
	2009	18	2	1	16	0.0625	
	2009	19	1	0	2	0	
	2010	5	1	0	1	0	
	2010	6	1	0	1	0	
	2010	8	2	0	1	0	
	2010	9	2	0	1	0	
	2010	10	1	0	5	0	
	2010	10	2	0	3	0	
	2010	11	1	0	26	0	
	2010	11	2	0	5	0	
	2010	12	1	0	47	0	
	2010	12	2	0	18	0	
	2010	13	1	0	92	0	
	2010	13	2	0	27	0	
	2010	14	1	0	111	0	
	2010	14	2	0	44	0	
	2010	15	1	0	161	0	
	2010	15	2	0	81	0	
	2010	16	1	0	159	0	
	2010	16	2	0	76	0	
	2010	17	1	1	77	0.01298701	
	2010	17	2	1	44	0.02272727	
	2010	18	1	1	18	0.05555556	
	2010	18	2	0	13	0	
	2010	19	1	0	2	0	
	2010	19	2	0	2	0	
	2011	6	1	0	1	0	
	2011	7	1	0	2	0	
	2011	9	1	0	1	0	
	2011	9	2	0	2	0	
	2011	10	1	0	7	0	
	2011	10	2	0	5	0	
	2011	11	1	0	14	0	
	2011	11	2	0	5	0	
	2011	12	1	0	50	0	
	2011	12	2	0	15	0	
	2011	13	1	1	91	0.01098901	
	2011	13	2	0	26	0	
	2011	14	1	1	131	0.007633588	
	2011	14	2	0	44	0	
	2011	15	1	0	134	0	
	2011	15	2	1	58	0.01724138	
	2011	16	1	0	146	0	
	2011	16	2	0	68	0	
	2011	17	1	0	103	0	
	2011	17	2	1	47	0.0212766	
	2011	18	1	2	28	0.07142857	
	2011	18	2	0	9	0	
	2011	19	1	0	4	0	
	2011	19	2	0	6	0	
	2012	5	1	0	1	0	
	2012	6	2	0	2	0	
	2012	9	1	1	1	1	
	2012	9	2	0	2	0	
	2012	10	1	0	5	0	
	2012	10	2	0	2	0	
	2012	11	1	0	22	0	
	2012	11	2	0	8	0	
	2012	12	1	0	39	0	
	2012	12	2	0	12	0	
	2012	13	1	0	74	0	
	2012	13	2	0	38	0	
	2012	14	1	0	125	0	
	2012	14	2	0	30	0	
	2012	15	1	1	128	0.0078125	
	2012	15	2	1	70	0.01428571	
	2012	16	1	2	143	0.01398601	
	2012	16	2	1	56	0.01785714	
	2012	17	1	3	97	0.03092784	
	2012	17	2	0	61	0	
	2012	18	1	0	28	0	
	2012	18	2	1	17	0.05882353	
	2012	19	1	0	3	0	
	2012	19	2	0	2	0	
	2012	20	1	0	1	0	
	2013	6	1	0	1	0	
	2013	8	1	0	1	0	
	2013	8	2	0	1	0	
	2013	10	1	0	8	0	
	2013	10	2	0	2	0	
	2013	11	1	0	14	0	
	2013	11	2	0	5	0	
	2013	12	1	0	47	0	
	2013	12	2	0	18	0	
	2013	13	1	1	87	0.01149425	
	2013	13	2	1	31	0.03225806	
	2013	14	1	0	153	0	
	2013	14	2	0	53	0	
	2013	15	1	0	127	0	
	2013	15	2	1	73	0.01369863	
	2013	16	1	1	156	0.006410256	
	2013	16	2	0	73	0	
	2013	17	1	0	92	0	
	2013	17	2	2	45	0.04444444	
	2013	18	1	0	28	0	
	2013	18	2	0	14	0	
	2013	19	1	0	2	0	
	2013	19	2	0	1	0	
	2014	5	2	0	1	0	
	2014	6	1	0	2	0	
	2014	7	2	0	1	0	
	2014	9	1	0	1	0	
	2014	9	2	0	4	0	
	2014	10	1	0	7	0	
	2014	10	2	0	2	0	
	2014	11	1	0	26	0	
	2014	11	2	0	11	0	
	2014	12	1	1	40	0.025	
	2014	12	2	0	19	0	
	2014	13	1	0	76	0	
	2014	13	2	0	27	0	
	2014	14	1	1	124	0.008064516	
	2014	14	2	0	47	0	
	2014	15	1	1	156	0.006410256	
	2014	15	2	0	61	0	
	2014	16	1	0	149	0	
	2014	16	2	0	75	0	
	2014	17	1	0	116	0	
	2014	17	2	0	40	0	
	2014	18	1	0	34	0	
	2014	18	2	0	11	0	
	2014	19	1	0	4	0	
	2014	19	2	1	4	0.25	
	2015	5	2	0	1	0	
	2015	6	2	0	2	0	
	2015	8	1	1	1	1	
	2015	8	2	0	2	0	
	2015	9	1	0	6	0	
	2015	9	2	0	2	0	
	2015	10	1	0	9	0	
	2015	10	2	0	4	0	
	2015	11	1	0	14	0	
	2015	11	2	0	14	0	
	2015	12	1	0	49	0	
	2015	12	2	0	12	0	
	2015	13	1	1	73	0.01369863	
	2015	13	2	0	34	0	
	2015	14	1	1	134	0.007462687	
	2015	14	2	0	54	0	
	2015	15	1	0	153	0	
	2015	15	2	0	54	0	
	2015	16	1	1	155	0.006451613	
	2015	16	2	0	67	0	
	2015	17	1	0	94	0	
	2015	17	2	1	51	0.01960784	
	2015	18	1	1	37	0.02702703	
	2015	18	2	0	23	0	
	2015	19	1	0	3	0	
	2015	19	2	0	4	0	
	2016	5	2	0	3	0	
	2016	7	2	0	2	0	
	2016	8	2	0	3	0	
	2016	9	1	0	3	0	
	2016	9	2	0	2	0	
	2016	10	1	0	4	0	
	2016	10	2	0	3	0	
	2016	11	1	0	20	0	
	2016	11	2	0	16	0	
	2016	12	1	0	47	0	
	2016	12	2	0	16	0	
	2016	13	1	0	53	0	
	2016	13	2	0	36	0	
	2016	14	1	1	111	0.009009009	
	2016	14	2	0	49	0	
	2016	15	1	1	153	0.006535948	
	2016	15	2	0	81	0	
	2016	16	1	0	147	0	
	2016	16	2	1	50	0.02	
	2016	17	1	1	123	0.008130081	
	2016	17	2	0	54	0	
	2016	18	1	0	40	0	
	2016	18	2	0	16	0	
	2016	19	1	0	5	0	
	2016	19	2	0	4	0	
	2016	20	1	0	2	0	
	2017	5	2	0	2	0	
	2017	7	2	0	1	0	
	2017	8	2	0	1	0	
	2017	9	1	0	2	0	
	2017	9	2	0	1	0	
	2017	10	1	0	8	0	
	2017	10	2	0	1	0	
	2017	11	1	0	15	0	
	2017	11	2	0	9	0	
	2017	12	1	0	33	0	
	2017	12	2	0	15	0	
	2017	13	1	0	73	0	
	2017	13	2	0	29	0	
	2017	14	1	0	106	0	
	2017	14	2	1	48	0.02083333	
	2017	15	1	0	163	0	
	2017	15	2	0	66	0	
	2017	16	1	0	157	0	
	2017	16	2	1	61	0.01639344	
	2017	17	1	0	111	0	
	2017	17	2	0	57	0	
	2017	18	1	2	33	0.06060606	
	2017	18	2	0	23	0	
	2017	19	1	0	9	0	
	2017	19	2	0	8	0	
	2017	20	1	0	2	0	
	2018	5	1	0	1	0	
	2018	5	2	0	3	0	
	2018	7	1	0	1	0	
	2018	8	1	0	1	0	
	2018	8	2	0	1	0	
	2018	9	1	0	4	0	
	2018	9	2	0	1	0	
	2018	10	1	0	9	0	
	2018	10	2	0	2	0	
	2018	11	1	0	16	0	
	2018	11	2	0	12	0	
	2018	12	1	0	28	0	
	2018	12	2	0	19	0	
	2018	13	1	0	79	0	
	2018	13	2	0	25	0	
	2018	14	1	0	109	0	
	2018	14	2	0	51	0	
	2018	15	1	1	158	0.006329114	
	2018	15	2	0	62	0	
	2018	16	1	2	159	0.01257862	
	2018	16	2	1	53	0.01886792	
	2018	17	1	1	109	0.009174312	
	2018	17	2	1	64	0.015625	
	2018	18	1	0	45	0	
	2018	18	2	1	29	0.03448276	
	2018	19	1	0	6	0	
	2018	19	2	1	4	0.25	
	2018	20	2	0	2	0	
	2019	6	1	0	2	0	
	2019	7	1	0	1	0	
	2019	7	2	0	1	0	
	2019	8	1	0	1	0	
	2019	8	2	0	1	0	
	2019	9	2	0	1	0	
	2019	10	1	0	4	0	
	2019	10	2	0	2	0	
	2019	11	1	0	20	0	
	2019	11	2	0	9	0	
	2019	12	1	0	48	0	
	2019	12	2	0	16	0	
	2019	13	1	1	78	0.01282051	
	2019	13	2	0	27	0	
	2019	14	1	0	96	0	
	2019	14	2	1	39	0.02564103	
	2019	15	1	0	160	0	
	2019	15	2	0	52	0	
	2019	16	1	1	156	0.006410256	
	2019	16	2	0	66	0	
	2019	17	1	2	114	0.01754386	
	2019	17	2	2	67	0.02985075	
	2019	18	1	1	40	0.025	
	2019	18	2	0	23	0	
	2019	19	1	0	7	0	
	2019	19	2	0	9	0	
	2019	20	2	0	1	0	
